24 0.279627 0.755411 0.030032 0.030303
10 0.779627 0.151515 0.025162 0.046176
10 0.829140 0.269120 0.025162 0.044733
10 0.814935 0.703463 0.019481 0.027417
10 0.836851 0.886724 0.032468 0.059163
10 0.781656 0.925685 0.025974 0.056277
10 0.481737 0.840548 0.018669 0.036075
10 0.502435 0.276335 0.022727 0.038961
10 0.600649 0.951659 0.047078 0.093795
10 0.316964 0.983405 0.059253 0.033189
10 0.358360 0.378066 0.026786 0.057720
10 0.338880 0.483405 0.025162 0.060606
10 0.427354 0.410534 0.034903 0.047619
10 0.512581 0.350649 0.023539 0.037518
10 0.518669 0.418470 0.038961 0.051948
10 0.151380 0.662338 0.033279 0.072150
10 0.377841 0.476912 0.031656 0.059163
10 0.373377 0.629149 0.043831 0.077922
10 0.434253 0.476912 0.024351 0.030303