25 0.281385 0.757095 0.051948 0.026936
36 0.500000 0.168831 0.285714 0.098124
10 0.603896 0.019481 0.032468 0.038961
10 0.649351 0.107504 0.064935 0.059163
10 0.691153 0.254690 0.031656 0.041847
10 0.828734 0.443001 0.089286 0.343434
10 0.188312 0.443723 0.110390 0.359307
10 0.417208 0.497114 0.121753 0.434343
10 0.590909 0.471861 0.099026 0.455988
10 0.584010 0.782107 0.133929 0.230880
10 0.454140 0.794372 0.030032 0.067821
10 0.354302 0.844877 0.034903 0.047619
10 0.247971 0.152958 0.081981 0.144300
10 0.525974 0.194084 0.030844 0.056277
10 0.785714 0.653680 0.081169 0.092352
10 0.660308 0.940115 0.034903 0.053391
10 0.785714 0.150072 0.035714 0.077922
10 0.347808 0.131313 0.028409 0.054834