25 0.281192 0.757576 0.049861 0.030921
36 0.497565 0.168110 0.279221 0.093795
10 0.202110 0.447330 0.076299 0.225108
10 0.191558 0.188312 0.066558 0.194805
10 0.322646 0.076479 0.067370 0.144300
10 0.393263 0.025974 0.036526 0.046176
10 0.495130 0.085137 0.021104 0.046176
10 0.631899 0.025253 0.033279 0.050505
10 0.670455 0.104618 0.037338 0.050505
10 0.650974 0.183983 0.030844 0.047619
10 0.601055 0.238095 0.070617 0.086580
10 0.523539 0.199856 0.048701 0.064935
10 0.418019 0.419192 0.103896 0.362193
10 0.612419 0.525253 0.132305 0.378066
10 0.770698 0.554113 0.075487 0.103896
10 0.794643 0.238095 0.035714 0.066378
10 0.792208 0.353535 0.095779 0.144300
10 0.831575 0.496392 0.030032 0.057720
10 0.704140 0.686869 0.030032 0.043290
10 0.239042 0.834776 0.030032 0.056277
10 0.806818 0.141414 0.032468 0.063492