24 0.279316 0.757151 0.030558 0.035651
10 0.222403 0.135642 0.042208 0.101010
10 0.178166 0.419192 0.033279 0.053391
10 0.213880 0.590188 0.044643 0.126984
10 0.750812 0.111833 0.105519 0.116883
10 0.814529 0.297258 0.046266 0.112554
10 0.780032 0.655123 0.034091 0.072150
10 0.569805 0.497114 0.034091 0.062049
10 0.459821 0.761183 0.033279 0.059163
10 0.409903 0.305195 0.165584 0.229437
10 0.564123 0.342713 0.107143 0.240981
10 0.519886 0.133478 0.083604 0.139971
10 0.400568 0.099567 0.023539 0.043290
10 0.257711 0.325397 0.051136 0.284271
10 0.323052 0.509380 0.029221 0.054834
10 0.414773 0.608947 0.038961 0.063492
10 0.401786 0.511544 0.014610 0.024531
10 0.330357 0.437229 0.025974 0.037518
10 0.395292 0.447330 0.024351 0.043290
10 0.682224 0.199134 0.039773 0.112554
10 0.752841 0.220058 0.043019 0.137085
10 0.641234 0.284993 0.017857 0.050505
10 0.588068 0.149351 0.046266 0.067821
10 0.443994 0.074315 0.021104 0.033189
10 0.709010 0.445887 0.030032 0.063492
10 0.755682 0.423521 0.017857 0.041847
10 0.807224 0.496392 0.025162 0.054834
10 0.727273 0.569986 0.025974 0.054834
10 0.638799 0.595238 0.037338 0.044733
10 0.814935 0.419192 0.022727 0.030303
10 0.721185 0.292208 0.017045 0.036075
10 0.653409 0.057720 0.024351 0.034632
10 0.625000 0.466811 0.034091 0.047619
10 0.534091 0.617605 0.025974 0.054834
10 0.461039 0.548341 0.024351 0.040404
10 0.737825 0.362193 0.016234 0.040404
10 0.474838 0.047619 0.021104 0.037518
10 0.363636 0.598124 0.014610 0.062049
10 0.635146 0.362915 0.017045 0.047619