25 0.282641 0.757576 0.050441 0.035044
36 0.499594 0.168110 0.283279 0.105339
10 0.142451 0.380952 0.093344 0.132756
10 0.179383 0.582973 0.089286 0.095238
10 0.137581 0.694084 0.025162 0.040404
10 0.178977 0.854978 0.028409 0.047619
10 0.312906 0.572872 0.046266 0.069264
10 0.418019 0.416306 0.056818 0.111111
10 0.380682 0.715729 0.112013 0.184704
10 0.470779 0.960317 0.034091 0.047619
10 0.742289 0.828283 0.039773 0.057720
10 0.794643 0.489177 0.157468 0.282828
10 0.560471 0.419913 0.028409 0.049062
10 0.543019 0.603896 0.042208 0.067821
10 0.543425 0.768398 0.023539 0.056277
10 0.586851 0.202742 0.037338 0.056277
10 0.700081 0.955267 0.025162 0.034632
10 0.600244 0.659452 0.028409 0.051948
10 0.593750 0.417027 0.046266 0.080808
10 0.800731 0.710678 0.031656 0.050505