25 0.280574 0.755171 0.054654 0.040404
36 0.500812 0.171717 0.293831 0.109668
10 0.517451 0.064214 0.166396 0.096681
10 0.293425 0.074315 0.117695 0.102453
10 0.212256 0.223665 0.081981 0.109668
10 0.178571 0.479076 0.082792 0.251082
10 0.302354 0.580808 0.060877 0.105339
10 0.654221 0.147908 0.030844 0.088023
10 0.782062 0.264791 0.124188 0.139971
10 0.551948 0.548341 0.063312 0.089466
10 0.734984 0.608947 0.036526 0.054834
10 0.390422 0.398268 0.090909 0.392496
10 0.565341 0.375180 0.114448 0.233766
10 0.584416 0.220058 0.097403 0.073593
10 0.791396 0.598124 0.027597 0.067821
10 0.759740 0.704906 0.029221 0.059163
10 0.627841 0.834776 0.041396 0.090909