25 0.280032 0.755411 0.053571 0.041847
36 0.501623 0.168110 0.292208 0.105339
10 0.776380 0.205628 0.094968 0.261183
10 0.691964 0.058442 0.049513 0.070707
10 0.403003 0.344877 0.081981 0.216450
10 0.212256 0.477633 0.052760 0.152958
10 0.221185 0.231602 0.060877 0.131313
10 0.267857 0.152237 0.030844 0.059163
10 0.355519 0.124098 0.027597 0.054834
10 0.596185 0.276335 0.081981 0.079365
10 0.594562 0.466811 0.081981 0.186147
10 0.664367 0.555556 0.039773 0.072150
10 0.392045 0.554834 0.043831 0.108225
10 0.526786 0.292208 0.032468 0.033189
10 0.534497 0.054834 0.039773 0.054834
10 0.480114 0.038961 0.026786 0.040404
10 0.393669 0.062049 0.025974 0.054834
10 0.770698 0.422078 0.026786 0.047619
10 0.781250 0.516595 0.043019 0.066378
10 0.784091 0.665945 0.030844 0.053391
10 0.423295 0.478355 0.023539 0.038961
10 0.579140 0.576479 0.026786 0.064935
10 0.272321 0.010823 0.025162 0.018759
10 0.315747 0.210678 0.037338 0.043290
10 0.590503 0.102453 0.030032 0.034632