24 0.280032 0.757175 0.029762 0.032868
10 0.773945 0.095960 0.030032 0.044733
10 0.822646 0.212121 0.030032 0.046176
10 0.356331 0.341270 0.066558 0.111111
10 0.439935 0.316017 0.037338 0.043290
10 0.499594 0.207792 0.025162 0.040404
10 0.522727 0.496392 0.045455 0.080808
10 0.700487 0.602453 0.029221 0.062049
10 0.750812 0.620491 0.025974 0.037518
10 0.827922 0.759740 0.030844 0.064935
10 0.816964 0.621934 0.018669 0.046176
10 0.536120 0.843434 0.030032 0.044733
10 0.470779 0.706349 0.027597 0.041847
10 0.343344 0.856421 0.086039 0.090909
10 0.213068 0.902597 0.044643 0.064935
10 0.435471 0.964646 0.036526 0.067821
10 0.519886 0.961760 0.033279 0.059163
10 0.338474 0.611111 0.019481 0.047619
10 0.398945 0.664502 0.018669 0.041847
10 0.519886 0.312410 0.034903 0.047619
10 0.560877 0.958153 0.034091 0.054834
10 0.597403 0.765512 0.029221 0.064935
10 0.622159 0.870130 0.026786 0.066378
10 0.165584 0.528139 0.034091 0.164502
10 0.448864 0.438672 0.016234 0.054834
10 0.354708 0.478355 0.038961 0.038961
10 0.381494 0.541847 0.019481 0.038961