36 0.500000 0.172439 0.292208 0.108225
25 0.281554 0.753968 0.047687 0.034271
10 0.274351 0.146465 0.146104 0.154401
10 0.705357 0.108947 0.100649 0.099567
10 0.796672 0.392496 0.039773 0.049062
10 0.599432 0.373016 0.057630 0.290043
10 0.698864 0.572872 0.045455 0.063492
10 0.451705 0.492063 0.023539 0.129870
10 0.392451 0.422799 0.052760 0.161616
10 0.193182 0.402597 0.027597 0.057720
10 0.334821 0.549062 0.056006 0.070707
10 0.202516 0.287879 0.020292 0.038961
10 0.222808 0.469697 0.018669 0.050505
10 0.408279 0.251082 0.068182 0.086580
10 0.759740 0.259019 0.037338 0.070707
10 0.653815 0.398268 0.056006 0.083694
10 0.431818 0.098846 0.035714 0.033189
10 0.456981 0.191198 0.060065 0.059163