36 0.500710 0.168200 0.288149 0.103716
25 0.279316 0.755878 0.046791 0.034802
10 0.747971 0.042569 0.059253 0.056277
10 0.782873 0.129870 0.018669 0.063492
10 0.835633 0.253247 0.030032 0.050505
10 0.815341 0.354257 0.049513 0.088023
10 0.789773 0.365079 0.012987 0.002886
10 0.831981 0.505772 0.051948 0.085137
10 0.598214 0.435786 0.074675 0.279942
10 0.556412 0.269841 0.034903 0.049062
10 0.662744 0.230880 0.030032 0.040404
10 0.465097 0.096681 0.024351 0.046176
10 0.564935 0.080808 0.024351 0.037518
10 0.614042 0.077201 0.033279 0.053391
10 0.286526 0.152237 0.017857 0.027417
10 0.314123 0.244589 0.030844 0.053391
10 0.353084 0.220058 0.043831 0.079365
10 0.177760 0.236652 0.064935 0.063492
10 0.353490 0.348485 0.036526 0.050505
10 0.396104 0.451659 0.034091 0.051948
10 0.364854 0.539683 0.033279 0.057720
10 0.415179 0.576479 0.026786 0.050505
10 0.433036 0.261183 0.018669 0.031746
10 0.650974 0.718615 0.022727 0.046176
10 0.704545 0.694084 0.021104 0.037518
10 0.756494 0.795815 0.016234 0.038961
10 0.216315 0.598846 0.026786 0.051948
10 0.170049 0.531025 0.044643 0.124098
10 0.394481 0.624098 0.032468 0.073593
10 0.778409 0.552670 0.024351 0.040404
10 0.173701 0.435065 0.029221 0.053391
10 0.514610 0.080087 0.019481 0.033189
10 0.789773 0.221501 0.022727 0.038961
10 0.502841 0.526696 0.041396 0.057720
10 0.419643 0.363636 0.019481 0.046176
10 0.383523 0.295815 0.023539 0.040404
10 0.392451 0.395382 0.026786 0.051948