24 0.279807 0.755572 0.032017 0.029662
10 0.353896 0.338384 0.068182 0.171717
10 0.440341 0.268398 0.039773 0.057720
10 0.512581 0.218615 0.044643 0.131313
10 0.772321 0.072872 0.025162 0.053391
10 0.822646 0.695527 0.028409 0.057720
10 0.777192 0.740260 0.028409 0.060606
10 0.692776 0.831169 0.025162 0.054834
10 0.610795 0.796537 0.044643 0.072150
10 0.575487 0.902597 0.038961 0.113997
10 0.527597 0.861472 0.032468 0.057720
10 0.434659 0.885281 0.026786 0.076479
10 0.349026 0.920635 0.035714 0.046176
10 0.213068 0.831890 0.047890 0.067821
10 0.360390 0.645743 0.030844 0.067821
10 0.369318 0.805195 0.029221 0.054834
10 0.587256 0.575758 0.033279 0.063492
10 0.596591 0.670996 0.027597 0.060606
10 0.526380 0.474747 0.017045 0.043290
10 0.588068 0.326118 0.036526 0.057720
10 0.464286 0.634199 0.024351 0.047619
10 0.387581 0.461760 0.041396 0.077922
10 0.337256 0.524531 0.020292 0.044733
10 0.809253 0.518759 0.032468 0.064935
10 0.405438 0.210678 0.025162 0.040404
10 0.535714 0.430014 0.021104 0.023088
10 0.820211 0.189755 0.031656 0.027417
10 0.737419 0.964646 0.047890 0.070707
10 0.474838 0.991342 0.027597 0.017316
10 0.189529 0.931457 0.017045 0.030303
10 0.444399 0.390332 0.020292 0.053391
10 0.163961 0.518038 0.042208 0.089466
10 0.182224 0.410534 0.018669 0.047619
10 0.332792 0.757576 0.037338 0.095238
10 0.668019 0.323954 0.034091 0.053391