25 0.280032 0.757576 0.045996 0.036556
36 0.501218 0.167749 0.287135 0.114538
10 0.290179 0.122054 0.146104 0.226070
10 0.746753 0.139490 0.109578 0.188793
10 0.597944 0.387807 0.059524 0.298220
10 0.402124 0.383598 0.071023 0.258538
10 0.785985 0.337302 0.082522 0.156325
10 0.207995 0.407648 0.069670 0.236893
10 0.475176 0.089586 0.030438 0.043290
10 0.566491 0.196008 0.029085 0.044493
10 0.682156 0.545334 0.056142 0.086580
10 0.764340 0.459355 0.051407 0.135883
10 0.320279 0.552549 0.077787 0.048100