36 0.502029 0.169553 0.293019 0.116883
25 0.279762 0.757576 0.045455 0.037518
10 0.766640 0.192641 0.075487 0.151515
10 0.799919 0.461039 0.093344 0.379509
10 0.635552 0.414141 0.053571 0.109668
10 0.716315 0.766955 0.036526 0.056277
10 0.562094 0.696970 0.093344 0.083694
10 0.656656 0.779942 0.055195 0.041847
10 0.644886 0.893218 0.056006 0.063492
10 0.571023 0.972583 0.030032 0.054834
10 0.222808 0.776335 0.033279 0.054834
10 0.184659 0.821789 0.025162 0.047619
10 0.310471 0.870851 0.026786 0.047619
10 0.352679 0.816739 0.030032 0.043290
10 0.430601 0.822511 0.020292 0.037518
10 0.238636 0.931457 0.021104 0.050505
10 0.278003 0.953824 0.018669 0.031746
10 0.396510 0.944444 0.021916 0.033189
10 0.191558 0.189033 0.043831 0.150072
10 0.251218 0.251082 0.028409 0.051948
10 0.332792 0.168831 0.016234 0.031746
10 0.393263 0.290043 0.072240 0.089466
10 0.390828 0.406205 0.028409 0.053391
10 0.408279 0.488456 0.034091 0.044733
10 0.404221 0.563492 0.050325 0.067821
10 0.394481 0.621934 0.022727 0.034632
10 0.392857 0.702020 0.038961 0.059163
10 0.396916 0.025974 0.035714 0.049062
10 0.827516 0.928571 0.033279 0.053391
10 0.790584 0.775613 0.021104 0.041847
10 0.511769 0.032468 0.052760 0.024531
10 0.528409 0.194805 0.034091 0.051948
10 0.205357 0.525253 0.025974 0.034632
10 0.164367 0.681097 0.018669 0.031746
10 0.166802 0.538240 0.023539 0.040404
10 0.525568 0.984848 0.025162 0.030303