36 0.499594 0.167388 0.291396 0.106782
25 0.280032 0.755772 0.047078 0.031025
10 0.775974 0.230159 0.064935 0.096681
10 0.797890 0.422799 0.064935 0.126984
10 0.506899 0.051948 0.036526 0.049062
10 0.336851 0.242424 0.024351 0.046176
10 0.483360 0.240260 0.030032 0.047619
10 0.177760 0.215007 0.053571 0.098124
10 0.191153 0.344156 0.028409 0.053391
10 0.200081 0.576479 0.017045 0.041847
10 0.544643 0.842713 0.073052 0.147186
10 0.461851 0.818903 0.043831 0.093795
10 0.395698 0.856421 0.034903 0.059163
10 0.219156 0.928571 0.027597 0.062049
10 0.409903 0.634199 0.079545 0.209235
10 0.637581 0.516595 0.075487 0.152958
10 0.768669 0.569986 0.032468 0.046176
10 0.827922 0.699134 0.076299 0.154401
10 0.717532 0.896104 0.034091 0.063492
10 0.625406 0.964646 0.052760 0.050505
10 0.635552 0.692641 0.022727 0.034632
10 0.401786 0.028860 0.045455 0.057720
10 0.541396 0.197691 0.030844 0.051948
10 0.143263 0.686147 0.038149 0.047619
10 0.169237 0.541126 0.017045 0.037518
10 0.227679 0.555556 0.026786 0.092352
10 0.363636 0.114719 0.022727 0.044733