24 0.280032 0.756437 0.029477 0.033417
10 0.508523 0.183261 0.036526 0.066378
10 0.219562 0.820346 0.038149 0.059163
10 0.337256 0.723665 0.038149 0.062049
10 0.350244 0.903319 0.031656 0.037518
10 0.430601 0.867965 0.026786 0.085137
10 0.527597 0.845599 0.029221 0.054834
10 0.571834 0.888167 0.041396 0.116883
10 0.611201 0.776335 0.043831 0.069264
10 0.691153 0.815296 0.028409 0.046176
10 0.777597 0.731602 0.022727 0.057720
10 0.820211 0.681818 0.034903 0.059163
10 0.584821 0.559885 0.031656 0.060606
10 0.366883 0.289322 0.030844 0.076479
10 0.353896 0.386003 0.029221 0.050505
10 0.394075 0.437229 0.025162 0.046176
10 0.338474 0.502165 0.019481 0.034632
10 0.363231 0.636364 0.028409 0.060606
10 0.463880 0.619769 0.023539 0.041847
10 0.396916 0.611111 0.019481 0.038961
10 0.440747 0.254690 0.035714 0.047619
10 0.402192 0.194805 0.030032 0.040404
10 0.526380 0.466811 0.018669 0.041847
10 0.611201 0.650072 0.064935 0.076479
10 0.773539 0.067821 0.025974 0.040404
10 0.807630 0.512266 0.025974 0.072150
10 0.475244 0.981241 0.036526 0.028860
10 0.753247 0.967532 0.021104 0.041847
10 0.167208 0.515152 0.037338 0.072150
10 0.180601 0.393939 0.018669 0.037518
10 0.368506 0.791486 0.030844 0.044733
10 0.674513 0.317460 0.027597 0.040404
10 0.818588 0.186869 0.033279 0.038961
10 0.750000 0.567821 0.014610 0.033189
10 0.546266 0.729437 0.027597 0.036075
10 0.423701 0.991342 0.019481 0.017316
10 0.190747 0.914141 0.019481 0.033189
10 0.550731 0.992063 0.018669 0.015873
10 0.334416 0.306638 0.029221 0.044733
10 0.665584 0.033189 0.027597 0.043290
10 0.118912 0.447330 0.028409 0.106782