36 0.500406 0.169553 0.288149 0.113997
25 0.279221 0.755171 0.046537 0.034632
10 0.776380 0.178211 0.059253 0.082251
10 0.741477 0.248918 0.039773 0.079365
10 0.398539 0.023088 0.050325 0.046176
10 0.387581 0.294372 0.062500 0.057720
10 0.215097 0.199134 0.100649 0.170274
10 0.809253 0.369408 0.076299 0.161616
10 0.820617 0.577922 0.073052 0.191919
10 0.616883 0.432900 0.086039 0.150072
10 0.400162 0.530303 0.056818 0.269841
10 0.546266 0.730159 0.066558 0.103896
10 0.390828 0.727273 0.036526 0.057720
10 0.307630 0.901154 0.032468 0.064935
10 0.349432 0.849206 0.028409 0.044733
10 0.433036 0.853535 0.020292 0.038961
10 0.185065 0.851371 0.024351 0.040404
10 0.262581 0.966089 0.067370 0.067821
10 0.399756 0.978355 0.025162 0.043290
10 0.715909 0.787879 0.035714 0.060606
10 0.637175 0.795094 0.100649 0.086580
10 0.333198 0.174603 0.030032 0.031746
10 0.508929 0.040404 0.030844 0.040404
10 0.481737 0.175325 0.026786 0.041847
10 0.828328 0.962482 0.026786 0.066378