36 0.500812 0.170274 0.293831 0.109668
25 0.280032 0.756545 0.046382 0.037106
10 0.765422 0.173882 0.077922 0.139971
10 0.795455 0.396825 0.105519 0.268398
10 0.632711 0.411255 0.059253 0.080808
10 0.660308 0.762626 0.052760 0.067821
10 0.714286 0.743867 0.037338 0.076479
10 0.194805 0.180375 0.056818 0.147186
10 0.392451 0.264791 0.046266 0.116883
10 0.254464 0.240260 0.026786 0.062049
10 0.403409 0.615440 0.051948 0.197691
10 0.643263 0.873016 0.052760 0.054834
10 0.825081 0.898990 0.031656 0.057720
10 0.591721 0.731602 0.042208 0.057720
10 0.522321 0.707792 0.051136 0.116883
10 0.221997 0.756133 0.038149 0.063492
10 0.309659 0.849928 0.028409 0.054834
10 0.355114 0.791486 0.028409 0.038961
10 0.571834 0.937951 0.036526 0.054834
10 0.435877 0.803030 0.022727 0.044733
10 0.187500 0.799423 0.025974 0.046176
10 0.235795 0.906205 0.026786 0.054834
10 0.278409 0.935065 0.022727 0.037518
10 0.391640 0.387446 0.025162 0.044733
10 0.413555 0.483405 0.039773 0.037518
10 0.207792 0.512266 0.024351 0.040404
10 0.332386 0.150794 0.021916 0.030303
10 0.397727 0.023088 0.042208 0.046176
10 0.334416 0.072872 0.034091 0.050505
10 0.420860 0.084416 0.038149 0.047619
10 0.787744 0.753247 0.026786 0.049062
10 0.840503 0.614719 0.023539 0.043290
10 0.571023 0.296537 0.030032 0.053391
10 0.537744 0.101732 0.034903 0.033189
10 0.508523 0.035354 0.034903 0.015873
10 0.396104 0.912698 0.022727 0.044733