25 0.280844 0.757576 0.047078 0.043290
10 0.320617 0.241703 0.037338 0.062049
10 0.487825 0.228716 0.043831 0.050505
10 0.752841 0.264791 0.039773 0.113997
10 0.621753 0.466089 0.024351 0.037518
10 0.445211 0.434343 0.018669 0.031746
10 0.214692 0.419913 0.026786 0.207792
10 0.393669 0.430736 0.061688 0.050505
10 0.377029 0.965368 0.034903 0.069264
10 0.246753 0.265512 0.014610 0.034632
10 0.656250 0.252525 0.041396 0.040404
10 0.573458 0.505772 0.015422 0.053391
10 0.733360 0.624820 0.017045 0.020202
10 0.522321 0.913420 0.026786 0.049062
36 0.503653 0.165945 0.280032 0.103896
10 0.714286 0.986291 0.022727 0.027417