24 0.279555 0.753332 0.030080 0.031407
10 0.855925 0.399711 0.030032 0.054834
10 0.854708 0.502886 0.025974 0.047619
10 0.371347 0.075036 0.023539 0.037518
10 0.552760 0.190476 0.030844 0.043290
10 0.429383 0.494228 0.025974 0.047619
10 0.415990 0.604618 0.078734 0.072150
10 0.378653 0.924964 0.064123 0.118326
10 0.167208 0.658730 0.027597 0.053391
10 0.541396 0.626263 0.027597 0.040404
10 0.727273 0.857143 0.034091 0.057720
10 0.648539 0.822511 0.038961 0.063492
10 0.658279 0.715007 0.016234 0.047619
10 0.621347 0.678932 0.017045 0.036075
10 0.556006 0.702742 0.021104 0.037518
10 0.433442 0.787879 0.025974 0.046176
10 0.533279 0.772006 0.014610 0.031746
10 0.563718 0.871573 0.018669 0.040404
10 0.347808 0.349206 0.028409 0.051948
10 0.815747 0.599567 0.043831 0.099567
10 0.123377 0.569986 0.022727 0.049062
10 0.818182 0.880952 0.027597 0.053391
10 0.677760 0.911255 0.030844 0.056277
10 0.778409 0.938672 0.030844 0.056277
10 0.866071 0.714286 0.032468 0.069264
10 0.540990 0.550505 0.021916 0.044733