36 0.500812 0.173160 0.290584 0.106782
25 0.278905 0.756373 0.048250 0.037678
10 0.784091 0.229437 0.061688 0.089466
10 0.508523 0.049062 0.036526 0.046176
10 0.625812 0.479798 0.037338 0.096681
10 0.461039 0.816017 0.038961 0.093795
10 0.536120 0.839827 0.049513 0.135642
10 0.717532 0.896104 0.037338 0.060606
10 0.830763 0.699134 0.072240 0.148629
10 0.767451 0.562049 0.033279 0.041847
10 0.181412 0.219336 0.043019 0.103896
10 0.191558 0.342713 0.027597 0.044733
10 0.184253 0.548341 0.055195 0.095238
10 0.332792 0.241703 0.024351 0.036075
10 0.392857 0.661616 0.037338 0.151515
10 0.217532 0.920635 0.034091 0.051948
10 0.150568 0.676768 0.033279 0.037518
10 0.396104 0.852092 0.035714 0.056277
10 0.623377 0.950216 0.050325 0.079365
10 0.633117 0.688312 0.022727 0.028860
10 0.477679 0.231602 0.039773 0.053391
10 0.401380 0.034632 0.049513 0.069264
10 0.811282 0.467532 0.062500 0.199134
10 0.362825 0.121212 0.037338 0.049062
10 0.533279 0.186147 0.040584 0.057720
10 0.407468 0.458153 0.032468 0.053391
10 0.402192 0.326840 0.028409 0.036075
10 0.403815 0.538961 0.039773 0.067821
10 0.573864 0.546898 0.029221 0.046176