24 0.279605 0.756816 0.031186 0.032657
10 0.817370 0.626263 0.030844 0.057720
10 0.775974 0.681097 0.027597 0.051948
10 0.670049 0.263348 0.034903 0.064935
10 0.517451 0.196248 0.023539 0.049062
10 0.441964 0.217172 0.030032 0.053391
10 0.373782 0.254690 0.033279 0.056277
10 0.333604 0.422799 0.022727 0.040404
10 0.354708 0.317460 0.025974 0.060606
10 0.388799 0.403319 0.051948 0.076479
10 0.215097 0.786436 0.048701 0.103896
10 0.343344 0.644300 0.034091 0.059163
10 0.377029 0.560606 0.046266 0.053391
10 0.581981 0.481241 0.025974 0.056277
10 0.615260 0.715007 0.056818 0.056277
10 0.682224 0.483405 0.025162 0.037518
10 0.592938 0.567100 0.031656 0.054834
10 0.632305 0.586580 0.022727 0.053391
10 0.552760 0.632035 0.027597 0.037518
10 0.354708 0.804473 0.035714 0.067821
10 0.425325 0.795815 0.022727 0.090909
10 0.418019 0.926407 0.040584 0.080808
10 0.467532 0.889610 0.030844 0.047619
10 0.536120 0.758297 0.028409 0.053391
10 0.581981 0.795094 0.048701 0.077922
10 0.534497 0.963203 0.033279 0.038961
10 0.684659 0.720058 0.021916 0.046176
10 0.431818 0.333333 0.035714 0.060606
10 0.803977 0.440115 0.021916 0.069264
10 0.859172 0.446609 0.023539 0.033189
10 0.750812 0.528860 0.017857 0.038961
10 0.568182 0.880231 0.050325 0.072150
10 0.146510 0.437229 0.073864 0.126984
10 0.185877 0.346320 0.024351 0.017316
10 0.643669 0.946609 0.019481 0.040404
10 0.719968 0.862915 0.014610 0.054834
10 0.666396 0.018759 0.016234 0.037518
10 0.237825 0.194805 0.021104 0.028860
10 0.334416 0.248918 0.030844 0.033189
10 0.538961 0.380231 0.024351 0.053391
10 0.530032 0.433622 0.029221 0.050505