36 0.502029 0.166667 0.289773 0.108225
25 0.278680 0.756133 0.046537 0.036556
10 0.513393 0.249639 0.043019 0.057720
10 0.577110 0.284271 0.027597 0.040404
10 0.804789 0.615440 0.033279 0.041847
10 0.860795 0.591631 0.028409 0.054834
10 0.519481 0.816739 0.038961 0.077922
10 0.629464 0.759740 0.021916 0.041847
10 0.659903 0.808081 0.016234 0.043290
10 0.694805 0.891053 0.037338 0.113997
10 0.179789 0.922078 0.028409 0.080808
10 0.310065 0.965368 0.021104 0.040404
10 0.335633 0.738817 0.021916 0.043290