10 0.701569 0.598365 0.025433 0.050024
10 0.495130 0.236171 0.093074 0.083694
10 0.298160 0.226551 0.121212 0.095238
10 0.387987 0.364598 0.024892 0.044252
10 0.261093 0.594998 0.038420 0.075998
10 0.221591 0.438191 0.023268 0.187590
10 0.243777 0.376142 0.021104 0.026936
10 0.668831 0.222222 0.064935 0.067340
10 0.754600 0.228475 0.013528 0.024050
10 0.601461 0.413660 0.061147 0.148148
10 0.538420 0.589226 0.016234 0.025974
10 0.517316 0.622415 0.011905 0.021164
36 0.503517 0.165464 0.286255 0.113516
25 0.279762 0.756614 0.046537 0.041366
10 0.384199 0.437229 0.012987 0.022126
10 0.775433 0.409331 0.031385 0.110630
10 0.771645 0.514671 0.017316 0.025012
10 0.769751 0.552670 0.013528 0.027898
10 0.630952 0.527177 0.016234 0.026936
10 0.332792 0.737374 0.025974 0.043290