24 0.279221 0.755411 0.031656 0.030303
10 0.793019 0.400433 0.032468 0.079365
10 0.467938 0.120491 0.030032 0.047619
10 0.643669 0.048341 0.027597 0.041847
10 0.280844 0.181818 0.025974 0.049062
10 0.374188 0.231602 0.048701 0.088023
10 0.837256 0.522367 0.023539 0.046176
10 0.376218 0.641414 0.060877 0.108225
10 0.255682 0.831169 0.024351 0.040404
10 0.372159 0.504329 0.036526 0.041847
10 0.525974 0.398990 0.030844 0.105339
10 0.545455 0.143579 0.022727 0.050505
10 0.465097 0.455267 0.027597 0.050505
10 0.614042 0.365079 0.031656 0.089466
10 0.542614 0.253247 0.021916 0.050505
10 0.686282 0.136364 0.021916 0.047619
10 0.871347 0.530303 0.025162 0.044733
10 0.685471 0.655844 0.142045 0.148629
10 0.622159 0.492785 0.026786 0.044733
10 0.664773 0.500000 0.032468 0.047619
10 0.522321 0.554834 0.026786 0.099567
10 0.461039 0.518038 0.022727 0.028860
10 0.219156 0.364358 0.064935 0.099567
10 0.205763 0.473304 0.023539 0.043290
10 0.568994 0.427850 0.029221 0.053391
10 0.447646 0.776335 0.030032 0.043290
10 0.344968 0.748918 0.021104 0.043290
10 0.384334 0.732323 0.021916 0.036075
10 0.625406 0.915584 0.030032 0.044733
10 0.316558 0.218615 0.025974 0.064935
10 0.672890 0.220779 0.012987 0.054834
10 0.758117 0.290043 0.019481 0.043290
10 0.749594 0.403319 0.021916 0.064935
10 0.803166 0.489899 0.018669 0.062049
10 0.341315 0.986291 0.033279 0.027417
10 0.153003 0.782107 0.021916 0.051948
10 0.376218 0.373016 0.023539 0.053391
10 0.407062 0.325397 0.020292 0.041847
10 0.414367 0.118326 0.018669 0.037518
10 0.814123 0.655123 0.022727 0.040404