25 0.282468 0.758297 0.055195 0.041847
10 0.274756 0.259019 0.025162 0.027417
10 0.486201 0.238095 0.030844 0.043290
10 0.740666 0.246753 0.013799 0.031746
10 0.756088 0.292208 0.020292 0.044733
10 0.624594 0.476190 0.021916 0.037518
10 0.447646 0.440115 0.018669 0.034632
10 0.242289 0.444444 0.017045 0.040404
10 0.377841 0.454545 0.017045 0.031746
10 0.668425 0.269841 0.013799 0.025974
10 0.644075 0.263348 0.012175 0.021645
10 0.422890 0.450938 0.012987 0.027417
36 0.500406 0.168110 0.278409 0.116883
10 0.379058 0.940837 0.027597 0.049062
10 0.519886 0.888889 0.028409 0.040404
10 0.215909 0.428571 0.021104 0.202020
10 0.423701 0.376623 0.035714 0.040404
10 0.248782 0.281385 0.021916 0.034632
10 0.712662 0.961039 0.027597 0.043290
10 0.578328 0.402597 0.013799 0.025974
10 0.568994 0.524531 0.009740 0.030303
10 0.370130 0.514430 0.012987 0.030303