24 0.279316 0.756303 0.030558 0.032255
10 0.729708 0.341991 0.032468 0.054834
10 0.192776 0.798701 0.026786 0.064935
10 0.599026 0.913420 0.037338 0.049062
10 0.422078 0.828283 0.025974 0.043290
10 0.476055 0.861472 0.034903 0.049062
10 0.755276 0.763348 0.030032 0.060606
10 0.798295 0.868687 0.034903 0.066378
10 0.657468 0.624098 0.021104 0.030303
10 0.319399 0.435065 0.023539 0.041847
10 0.820617 0.665224 0.022727 0.043290
10 0.647321 0.872294 0.030032 0.038961
10 0.556412 0.777778 0.026786 0.063492
10 0.118101 0.933622 0.023539 0.040404
10 0.493506 0.486291 0.027597 0.054834