25 0.282062 0.755411 0.046266 0.036075
36 0.500406 0.168831 0.291396 0.112554
10 0.774793 0.179063 0.053129 0.135117
10 0.806154 0.427653 0.043536 0.097075
10 0.790658 0.567362 0.046488 0.072150
10 0.252361 0.097731 0.069362 0.061656
10 0.196281 0.199397 0.025089 0.041978
10 0.162338 0.230880 0.030992 0.049849
10 0.480372 0.066903 0.061983 0.086580
10 0.617621 0.055752 0.070838 0.064279
10 0.682556 0.022301 0.030992 0.041978
10 0.189640 0.299751 0.029516 0.048537
10 0.197757 0.414535 0.039847 0.091827
10 0.195174 0.632953 0.031730 0.053785
10 0.389979 0.403384 0.067149 0.305654
10 0.598805 0.485373 0.065673 0.228257
10 0.581833 0.251213 0.089286 0.127246
10 0.232069 0.172504 0.028778 0.043290
10 0.255682 0.270235 0.028778 0.044602
10 0.354560 0.187590 0.022875 0.044602
10 0.349026 0.090909 0.030844 0.043290
10 0.288961 0.139250 0.025974 0.059163
10 0.297890 0.212843 0.025974 0.047619
10 0.818994 0.338384 0.017857 0.044733
10 0.648539 0.217893 0.021104 0.051948