36 0.500406 0.168831 0.289773 0.112554
25 0.280032 0.755694 0.046937 0.033252
10 0.790584 0.217172 0.034091 0.059163
10 0.399756 0.022367 0.046266 0.044733
10 0.506088 0.044733 0.030032 0.040404
10 0.183442 0.219336 0.053571 0.196248
10 0.530844 0.800144 0.167208 0.209235
10 0.716721 0.833333 0.029221 0.062049
10 0.820617 0.474026 0.079545 0.278499
10 0.827922 0.670996 0.061688 0.109668
10 0.657062 0.873737 0.054383 0.050505
10 0.395292 0.784993 0.037338 0.057720
10 0.306006 0.958153 0.038961 0.060606
10 0.391640 0.308802 0.038149 0.049062
10 0.404221 0.497835 0.037338 0.077922
10 0.396510 0.595960 0.031656 0.066378
10 0.389205 0.676768 0.018669 0.025974
10 0.427760 0.904762 0.017857 0.040404
10 0.625406 0.425685 0.033279 0.075036
10 0.181818 0.918470 0.027597 0.041847
10 0.479708 0.200577 0.029221 0.049062
10 0.203328 0.545455 0.026786 0.043290
10 0.225244 0.487734 0.012175 0.083694
10 0.141640 0.952381 0.028409 0.054834
10 0.370130 0.099567 0.027597 0.031746
10 0.338068 0.204906 0.030032 0.043290
10 0.746347 0.277778 0.033279 0.056277