25 0.281250 0.753247 0.046266 0.040404
10 0.769886 0.163781 0.056006 0.099567
10 0.795049 0.372294 0.044643 0.126984
10 0.783685 0.497835 0.034903 0.089466
10 0.603490 0.353535 0.041396 0.069264
10 0.602273 0.503608 0.053571 0.118326
10 0.646510 0.072872 0.112825 0.070707
10 0.488231 0.076479 0.075487 0.080808
10 0.310065 0.138528 0.110390 0.132756
10 0.258523 0.225830 0.039773 0.036075
10 0.397727 0.321068 0.064935 0.287157
10 0.203328 0.400433 0.057630 0.180375
10 0.208198 0.544733 0.031656 0.050505
10 0.536526 0.215007 0.030844 0.043290
10 0.590909 0.221501 0.037338 0.076479
10 0.648539 0.201299 0.021104 0.033189
10 0.177760 0.223665 0.029221 0.046176
10 0.210227 0.189755 0.029221 0.056277
36 0.503247 0.170996 0.284091 0.105339
10 0.235390 0.155123 0.025974 0.062049
10 0.820617 0.252525 0.027597 0.046176