25 0.282062 0.752525 0.049513 0.038961
36 0.500000 0.167388 0.290584 0.109668
10 0.776786 0.243146 0.042208 0.076479
10 0.821429 0.346320 0.019481 0.037518
10 0.820617 0.434343 0.027597 0.040404
10 0.797890 0.554113 0.048701 0.141414
10 0.210633 0.150794 0.057630 0.131313
10 0.271510 0.094517 0.026786 0.047619
10 0.354708 0.095238 0.030844 0.054834
10 0.294643 0.170274 0.017857 0.051948
10 0.153815 0.243146 0.031656 0.053391
10 0.186282 0.299423 0.031656 0.050505
10 0.301542 0.238817 0.018669 0.036075
10 0.388799 0.313131 0.074675 0.075036
10 0.428571 0.209235 0.051948 0.069264
10 0.569399 0.241703 0.060877 0.067821
10 0.399351 0.547619 0.050325 0.099567
10 0.432630 0.685426 0.064935 0.063492
10 0.187094 0.690476 0.038149 0.059163
10 0.598620 0.477633 0.075487 0.118326
10 0.607143 0.571429 0.009740 0.037518
10 0.643263 0.248196 0.020292 0.037518
10 0.612013 0.325397 0.022727 0.102453
10 0.550731 0.289322 0.034903 0.044733
10 0.493101 0.057720 0.036526 0.075036
10 0.590503 0.041847 0.030032 0.040404
10 0.536120 0.678211 0.034903 0.037518
10 0.614854 0.681818 0.030032 0.033189
10 0.369724 0.385281 0.057630 0.089466
10 0.184659 0.435065 0.052760 0.099567