25 0.282873 0.754690 0.047890 0.037518
36 0.501623 0.169553 0.290584 0.105339
10 0.329140 0.192641 0.046266 0.073593
10 0.259334 0.204185 0.059253 0.076479
10 0.207792 0.267677 0.043831 0.044733
10 0.758117 0.230880 0.050325 0.150072
10 0.604302 0.441558 0.051136 0.141414
10 0.402597 0.403319 0.077922 0.157287
10 0.229708 0.458153 0.063312 0.217893
10 0.404221 0.272006 0.089286 0.096681
10 0.689123 0.145743 0.024351 0.049062
10 0.599026 0.326118 0.042208 0.054834
10 0.786932 0.364358 0.038149 0.085137
10 0.658685 0.165224 0.028409 0.062049
10 0.539773 0.222944 0.032468 0.036075
10 0.659903 0.275613 0.024351 0.037518
10 0.556818 0.540404 0.022727 0.047619
10 0.735390 0.548341 0.021104 0.031746
10 0.618101 0.221501 0.030032 0.050505