36 0.501623 0.166667 0.290584 0.108225
25 0.279491 0.756133 0.045996 0.034632
10 0.677760 0.078709 0.025826 0.049849
10 0.721665 0.057720 0.016234 0.039355
10 0.793979 0.109537 0.023613 0.053785
10 0.318403 0.072806 0.022875 0.038043
10 0.337957 0.207267 0.028040 0.055096
10 0.202553 0.405352 0.089286 0.346320
10 0.135035 0.257117 0.025089 0.036731
10 0.264906 0.245966 0.019185 0.035419
10 0.394407 0.463072 0.071576 0.264988
10 0.628689 0.280729 0.063459 0.086580
10 0.601387 0.480126 0.091499 0.259740
10 0.734947 0.224321 0.022137 0.052473
10 0.816854 0.400761 0.047226 0.082645
10 0.808737 0.485373 0.063459 0.073462
10 0.744171 0.526040 0.027302 0.047226
10 0.605446 0.696576 0.030254 0.047226
10 0.534238 0.633609 0.029516 0.052473
10 0.835670 0.230224 0.025826 0.051161
10 0.867400 0.363374 0.021399 0.060344
10 0.870720 0.495868 0.025089 0.041978
10 0.786231 0.670340 0.016972 0.052473
10 0.826815 0.772006 0.040584 0.085268
10 0.682187 0.884166 0.030254 0.052473
10 0.520956 0.923521 0.023613 0.044602
10 0.169717 0.882855 0.028040 0.057720
10 0.231331 0.980126 0.034681 0.039748
10 0.127287 0.983405 0.031730 0.033189
10 0.400310 0.941886 0.030254 0.055096
10 0.443846 0.981438 0.027302 0.037124
10 0.617621 0.982750 0.025089 0.034500
10 0.389610 0.714942 0.028040 0.047226
10 0.544938 0.795619 0.024351 0.045914
10 0.470410 0.856618 0.025826 0.041978