24 0.279762 0.756133 0.031385 0.032708
10 0.688718 0.043290 0.026786 0.034632
10 0.743506 0.252525 0.030844 0.057720
10 0.609172 0.254690 0.028409 0.062049
10 0.673295 0.279942 0.030032 0.046176
10 0.834821 0.594517 0.052760 0.101010
10 0.634740 0.587302 0.128247 0.199134
10 0.609578 0.370851 0.097403 0.155844
10 0.777597 0.382395 0.032468 0.046176
10 0.571834 0.782828 0.111201 0.108225
10 0.218750 0.873016 0.026786 0.054834
10 0.306412 0.871573 0.033279 0.051948
10 0.376623 0.681818 0.073052 0.238095
10 0.441153 0.539683 0.064123 0.164502
10 0.336851 0.293651 0.060065 0.062049
10 0.340097 0.424242 0.043831 0.080808
10 0.232549 0.440115 0.033279 0.040404
10 0.243506 0.573593 0.030844 0.059163
10 0.179789 0.686147 0.026786 0.041847
10 0.174513 0.443001 0.024351 0.037518
10 0.428977 0.209957 0.021916 0.053391
10 0.549513 0.165224 0.035714 0.111111
10 0.420860 0.283550 0.039773 0.067821
10 0.375406 0.141414 0.017045 0.046176
10 0.783685 0.743867 0.057630 0.099567
10 0.640016 0.907648 0.033279 0.034632
10 0.808442 0.936508 0.053571 0.126984
10 0.678571 0.992063 0.025974 0.015873
10 0.184659 0.088023 0.023539 0.054834
10 0.308847 0.163781 0.023539 0.047619
10 0.464286 0.089466 0.081169 0.051948
10 0.709821 0.365801 0.020292 0.062049