25 0.278293 0.755514 0.054499 0.047413
36 0.500000 0.170274 0.280844 0.095238
10 0.625812 0.235931 0.030844 0.047619
10 0.286526 0.202742 0.027597 0.056277
10 0.375000 0.565657 0.022727 0.054834
10 0.537338 0.282107 0.025974 0.033189
10 0.092127 0.883838 0.025162 0.056277
10 0.174107 0.930736 0.025162 0.060606
10 0.260146 0.981241 0.036526 0.037518
10 0.416802 0.885281 0.038149 0.059163
10 0.594562 0.854257 0.034903 0.057720
10 0.626218 0.830447 0.034903 0.056277
10 0.652192 0.898268 0.020292 0.044733
10 0.574269 0.975469 0.025162 0.049062
10 0.548295 0.725830 0.028409 0.051948
10 0.532062 0.821068 0.036526 0.051948
10 0.206575 0.391053 0.036526 0.069264