36 0.501894 0.169793 0.291667 0.106782
25 0.279272 0.756674 0.047179 0.034271
10 0.800731 0.386724 0.064123 0.352092
10 0.698458 0.668831 0.025162 0.044733
10 0.256494 0.041847 0.030844 0.049062
10 0.260958 0.175325 0.132305 0.139971
10 0.192776 0.297258 0.033279 0.075036
10 0.394481 0.411977 0.069805 0.310245
10 0.234984 0.498557 0.086851 0.186147
10 0.574269 0.351371 0.109578 0.290043
10 0.645698 0.094517 0.065747 0.082251
10 0.312500 0.073593 0.027597 0.046176
10 0.380682 0.109668 0.084416 0.063492
10 0.585633 0.610390 0.021916 0.043290
10 0.748782 0.197691 0.031656 0.049062
10 0.534497 0.095238 0.030032 0.046176
10 0.417208 0.197691 0.027597 0.046176
10 0.306412 0.598124 0.013799 0.047619