25 0.280844 0.754690 0.047078 0.040404
36 0.501623 0.170996 0.285714 0.111111
10 0.780032 0.208514 0.050325 0.186147
10 0.823864 0.352092 0.021104 0.049062
10 0.823052 0.450216 0.025974 0.049062
10 0.797890 0.574315 0.050325 0.147186
10 0.240666 0.153680 0.132305 0.168831
10 0.152192 0.253247 0.033279 0.053391
10 0.182630 0.444444 0.056818 0.112554
10 0.354302 0.096681 0.033279 0.051948
10 0.416802 0.216450 0.080357 0.069264
10 0.383929 0.366522 0.066558 0.173160
10 0.607955 0.474747 0.079545 0.135642
10 0.416802 0.701299 0.020292 0.051948
10 0.450893 0.720058 0.020292 0.043290
10 0.538149 0.691198 0.024351 0.040404
10 0.184253 0.717893 0.035714 0.053391
10 0.399756 0.555556 0.051136 0.095238
10 0.611201 0.706349 0.019481 0.024531
10 0.550325 0.266955 0.035714 0.089466
10 0.641640 0.261905 0.020292 0.036075
10 0.691558 0.745310 0.024351 0.027417
10 0.482549 0.080808 0.018669 0.023088
10 0.843344 0.243867 0.022727 0.037518
10 0.590503 0.041126 0.026786 0.033189
10 0.684659 0.018759 0.031656 0.034632
10 0.485390 0.031746 0.022727 0.023088