36 0.503247 0.168110 0.290584 0.108225
25 0.279272 0.756223 0.048194 0.035173
10 0.795860 0.261183 0.034903 0.057720
10 0.505276 0.051227 0.031656 0.050505
10 0.480519 0.256133 0.025974 0.041847
10 0.188718 0.220779 0.020292 0.031746
10 0.335633 0.257576 0.015422 0.033189
10 0.191558 0.362915 0.022727 0.033189
10 0.183847 0.575758 0.052760 0.069264
10 0.405438 0.691919 0.088474 0.194805
10 0.644075 0.545455 0.075487 0.161616
10 0.814123 0.603896 0.110390 0.385281
10 0.715909 0.919192 0.037338 0.054834
10 0.637175 0.711400 0.025974 0.051948
10 0.515828 0.894661 0.267045 0.199134
10 0.213474 0.949495 0.040584 0.063492
10 0.405032 0.029582 0.047078 0.059163
10 0.363636 0.129870 0.025974 0.034632
10 0.537744 0.202742 0.041396 0.047619
10 0.576299 0.564935 0.024351 0.038961
10 0.396104 0.566378 0.038961 0.062049