24 0.279424 0.755772 0.029627 0.029582
10 0.860390 0.413420 0.024351 0.050505
10 0.857143 0.517316 0.019481 0.050505
10 0.372971 0.085859 0.017045 0.038961
10 0.553977 0.194805 0.023539 0.043290
10 0.431818 0.512987 0.027597 0.047619
10 0.646916 0.845599 0.040584 0.066378
10 0.561688 0.889610 0.025974 0.036075
10 0.359578 0.919192 0.019481 0.037518
10 0.393263 0.972583 0.044643 0.051948
10 0.430195 0.802309 0.027597 0.043290
10 0.552760 0.705628 0.022727 0.037518
10 0.659903 0.730159 0.024351 0.049062
10 0.621347 0.694805 0.017045 0.033189
10 0.541396 0.632756 0.024351 0.036075
10 0.410308 0.632035 0.021916 0.063492
10 0.122159 0.584416 0.021916 0.046176
10 0.806006 0.502165 0.024351 0.049062
10 0.726867 0.869408 0.030032 0.056277
10 0.446023 0.656566 0.023539 0.023088
10 0.394075 0.601010 0.028409 0.036075
10 0.815341 0.893939 0.025162 0.047619
10 0.681006 0.921356 0.030844 0.050505
10 0.782062 0.962482 0.013799 0.051948
10 0.348620 0.360750 0.028409 0.054834
10 0.150568 0.967532 0.026786 0.044733
10 0.814529 0.623377 0.043019 0.106782
10 0.867289 0.727273 0.033279 0.066378
10 0.543019 0.569264 0.027597 0.064935