36 0.502435 0.167869 0.289502 0.108706
25 0.279525 0.754870 0.044643 0.034271
10 0.739854 0.191919 0.148539 0.242424
10 0.681818 0.028860 0.025974 0.043290
10 0.790990 0.375902 0.046266 0.131313
10 0.813312 0.566378 0.022727 0.050505
10 0.845779 0.538240 0.030844 0.057720
10 0.791396 0.699856 0.022727 0.051948
10 0.828734 0.741703 0.029221 0.043290
10 0.692370 0.778499 0.019481 0.050505
10 0.620536 0.799423 0.052760 0.049062
10 0.538149 0.848485 0.024351 0.028860
10 0.403815 0.696248 0.044643 0.090909
10 0.334416 0.675325 0.032468 0.054834
10 0.198052 0.152237 0.035714 0.062049
10 0.339286 0.208514 0.042208 0.168831
10 0.190341 0.638528 0.064123 0.079365
10 0.209416 0.494949 0.066558 0.126984
10 0.593344 0.379509 0.084416 0.279942
10 0.396916 0.441558 0.069805 0.242424
10 0.416802 0.238817 0.111201 0.119769
10 0.508523 0.239538 0.047890 0.086580
10 0.247565 0.235209 0.081169 0.112554
10 0.209416 0.821789 0.022727 0.050505
10 0.197646 0.375902 0.059253 0.145743
10 0.136364 0.428571 0.035714 0.086580
10 0.159903 0.552670 0.024351 0.034632
10 0.489042 0.589466 0.031656 0.050505
10 0.515016 0.546176 0.021916 0.038961
10 0.730519 0.575758 0.021104 0.034632
10 0.755682 0.531025 0.022727 0.051948