25 0.280345 0.758686 0.053696 0.034410
36 0.502029 0.173160 0.283279 0.112554
10 0.338880 0.259019 0.026786 0.041847
10 0.430601 0.212121 0.054383 0.092352
10 0.108766 0.860029 0.034091 0.057720
10 0.136364 0.704185 0.019481 0.040404
10 0.180601 0.827561 0.044643 0.067821
10 0.232955 0.876623 0.029221 0.067821
10 0.315747 0.955267 0.034091 0.049062
10 0.382305 0.821068 0.095779 0.196248
10 0.457386 0.927128 0.030032 0.047619
10 0.616477 0.987734 0.025162 0.024531
10 0.862013 0.513709 0.027597 0.063492
10 0.620536 0.551948 0.072240 0.105339
10 0.591721 0.657287 0.063312 0.105339
10 0.543019 0.783550 0.058442 0.069264
10 0.638393 0.937951 0.030032 0.040404
10 0.392857 0.486291 0.035714 0.051948
10 0.521104 0.544733 0.032468 0.047619
10 0.179789 0.345599 0.018669 0.038961
10 0.203328 0.626263 0.041396 0.049062
10 0.375406 0.314574 0.026786 0.043290
10 0.415584 0.629149 0.032468 0.069264