22 0.504717 0.182390 0.089623 0.176101
21 0.375536 0.527349 0.017153 0.034305
21 0.403945 0.526873 0.018225 0.029541
21 0.389473 0.569278 0.020369 0.034305
21 0.450847 0.514008 0.019833 0.030494
21 0.462907 0.544978 0.015009 0.027635
21 0.451115 0.575472 0.017153 0.031447
21 0.473360 0.578807 0.015545 0.030494
21 0.472556 0.512579 0.017153 0.027635
21 0.521870 0.530684 0.017153 0.029541
21 0.535002 0.567848 0.016617 0.025729
21 0.548671 0.529255 0.016081 0.032399
21 0.608705 0.546884 0.019297 0.025729