11 0.260267 0.583048 0.027721 0.047456
11 0.300308 0.587611 0.021561 0.034679
11 0.325975 0.555670 0.033881 0.043806
11 0.366530 0.561145 0.022587 0.047456
11 0.407598 0.587611 0.026694 0.045631
11 0.446612 0.585786 0.024641 0.041980
11 0.482546 0.587611 0.028747 0.045631
11 0.518480 0.588524 0.026694 0.040155
11 0.556468 0.583961 0.030801 0.041980
11 0.591889 0.589436 0.025667 0.052932
11 0.626797 0.584873 0.029774 0.047456
11 0.664271 0.588524 0.024641 0.043806
11 0.702259 0.583961 0.030801 0.041980
11 0.740760 0.586699 0.029774 0.043806