11 0.465092 0.504563 0.028747 0.058407
11 0.702772 0.409651 0.033881 0.047456
11 0.506160 0.509126 0.024641 0.063883
11 0.333676 0.586699 0.020534 0.051107
11 0.371150 0.583961 0.027721 0.049281
11 0.411191 0.582136 0.027721 0.052932
11 0.447639 0.587611 0.036961 0.052932
11 0.483573 0.586699 0.039014 0.058407
11 0.522074 0.589436 0.027721 0.060233
11 0.558522 0.588524 0.039014 0.062058
11 0.595483 0.589436 0.036961 0.056582
11 0.631417 0.585786 0.034908 0.052932
11 0.669918 0.588524 0.035934 0.054757
11 0.704312 0.586699 0.041068 0.062058
11 0.741273 0.587611 0.041068 0.060233