11 0.445072 0.512777 0.029774 0.060233
11 0.492813 0.517340 0.028747 0.065708
11 0.331622 0.587611 0.028747 0.056582
11 0.372177 0.586699 0.023614 0.051107
11 0.409138 0.583961 0.025667 0.049281
11 0.447639 0.588524 0.034908 0.054757
11 0.481006 0.585786 0.019507 0.052932
11 0.519507 0.585786 0.020534 0.052932
11 0.556982 0.586699 0.037988 0.051107
11 0.592916 0.586699 0.023614 0.051107
11 0.629363 0.584873 0.039014 0.054757
11 0.668891 0.584873 0.037988 0.062058
11 0.702259 0.585786 0.034908 0.067534
11 0.741273 0.589436 0.036961 0.060233
11 0.701232 0.415127 0.034908 0.054757