11 0.259240 0.586699 0.040041 0.051107
11 0.296715 0.586699 0.018480 0.051107
11 0.328029 0.597650 0.040041 0.051107
11 0.373717 0.596737 0.026694 0.056582
11 0.410164 0.584873 0.033881 0.058407
11 0.445072 0.589436 0.023614 0.052932
11 0.481006 0.585786 0.035934 0.052932
11 0.517967 0.588524 0.035934 0.047456
11 0.555441 0.583961 0.034908 0.049281
11 0.594969 0.587611 0.035934 0.052932
11 0.630390 0.587611 0.036961 0.049281
11 0.665811 0.586699 0.033881 0.047456
11 0.701745 0.586699 0.033881 0.047456
11 0.738706 0.586699 0.035934 0.051107