11 0.259754 0.583961 0.034908 0.052932
11 0.297741 0.586699 0.036961 0.062058
11 0.329569 0.586699 0.047228 0.073009
11 0.369097 0.584873 0.029774 0.058407
11 0.406571 0.586699 0.036961 0.058407
11 0.445072 0.590349 0.037988 0.054757
11 0.480493 0.587611 0.036961 0.056582
11 0.519507 0.586699 0.034908 0.054757
11 0.555955 0.584873 0.037988 0.051107
11 0.594456 0.587611 0.039014 0.052932
11 0.629363 0.585786 0.036961 0.060233
11 0.665298 0.586699 0.034908 0.058407
11 0.703799 0.586699 0.037988 0.058407
11 0.739733 0.585786 0.035934 0.052932