11 0.698665 0.408738 0.037988 0.052932
11 0.331109 0.584873 0.027721 0.051107
11 0.371663 0.590349 0.026694 0.058407
11 0.407084 0.583961 0.025667 0.063883
11 0.445072 0.586699 0.046201 0.058407
11 0.483060 0.583961 0.033881 0.063883
11 0.521047 0.588524 0.027721 0.065708
11 0.558522 0.583961 0.039014 0.063883
11 0.594969 0.586699 0.033881 0.054757
11 0.632957 0.583961 0.040041 0.052932
11 0.669405 0.586699 0.039014 0.058407
11 0.701232 0.587611 0.030801 0.052932
11 0.735626 0.584873 0.031828 0.047456