10 0.219713 0.159594 0.034908 0.058407
10 0.398871 0.242642 0.107803 0.220853
10 0.188398 0.660621 0.120123 0.301164
10 0.509240 0.134953 0.020534 0.034679
10 0.624230 0.283710 0.117043 0.200776
10 0.758214 0.137691 0.146817 0.083961
10 0.811602 0.302875 0.035934 0.056582
10 0.824435 0.578485 0.022587 0.045631
10 0.790041 0.719028 0.027721 0.052932
10 0.805441 0.954483 0.031828 0.056582
10 0.594456 0.452544 0.131417 0.089436
10 0.587269 0.655145 0.092402 0.217203
10 0.683778 0.802076 0.022587 0.043806
10 0.663758 0.951745 0.031828 0.051107
10 0.396817 0.740931 0.179671 0.268309
10 0.410164 0.973648 0.027721 0.043806