11 0.486653 0.495437 0.026694 0.062058
11 0.533881 0.500000 0.026694 0.063883
11 0.334189 0.584873 0.019507 0.040155
11 0.372690 0.588524 0.020534 0.047456
11 0.410164 0.589436 0.019507 0.049281
11 0.447639 0.588524 0.028747 0.051107
11 0.481520 0.588524 0.039014 0.047456
11 0.520534 0.590349 0.020534 0.051107
11 0.556982 0.587611 0.029774 0.049281
11 0.596509 0.589436 0.032854 0.052932
11 0.628850 0.587611 0.029774 0.052932
11 0.667864 0.592174 0.033881 0.051107
11 0.702259 0.585786 0.036961 0.056582
11 0.739733 0.583961 0.035934 0.056582