11 0.260267 0.585786 0.031828 0.063883
11 0.298255 0.585786 0.025667 0.060233
11 0.353183 0.553844 0.039014 0.062058
11 0.393737 0.556582 0.025667 0.056582
11 0.410164 0.587611 0.031828 0.052932
11 0.443532 0.582136 0.018480 0.052932
11 0.479979 0.583048 0.040041 0.054757
11 0.519507 0.585786 0.041068 0.049281
11 0.555955 0.584873 0.040041 0.054757
11 0.593943 0.585786 0.035934 0.052932
11 0.628850 0.588524 0.035934 0.054757
11 0.666838 0.588524 0.037988 0.062058
11 0.702772 0.583961 0.037988 0.056582
11 0.738706 0.591262 0.035934 0.060233