11 0.699337 0.411994 0.037119 0.056161
11 0.565077 0.468857 0.030801 0.063181
11 0.610488 0.469559 0.026852 0.058969
11 0.332491 0.585391 0.026852 0.054757
11 0.372769 0.590305 0.017375 0.053353
11 0.409888 0.583987 0.018954 0.049141
11 0.446612 0.587497 0.032380 0.056161
11 0.482941 0.583987 0.029221 0.054757
11 0.519270 0.586795 0.022903 0.051949
11 0.554810 0.584689 0.022903 0.053353
11 0.592323 0.585391 0.022113 0.051949
11 0.629442 0.585391 0.039488 0.060373
11 0.668536 0.582583 0.033960 0.054757
11 0.703285 0.586795 0.035539 0.054757
11 0.737640 0.583987 0.030011 0.057565