11 0.257700 0.584873 0.041068 0.062058
11 0.301335 0.585786 0.033881 0.056582
11 0.338809 0.586699 0.047228 0.073009
11 0.379363 0.582136 0.029774 0.071184
11 0.410678 0.590349 0.036961 0.069359
11 0.445585 0.586699 0.026694 0.058407
11 0.482033 0.586699 0.044148 0.065708
11 0.520021 0.592174 0.037988 0.065708
11 0.556982 0.585786 0.037988 0.060233
11 0.593429 0.587611 0.034908 0.052932
11 0.628850 0.584873 0.040041 0.062058
11 0.666838 0.585786 0.040041 0.052932
11 0.704825 0.581223 0.040041 0.054757
11 0.740246 0.590349 0.032854 0.065708