11 0.473306 0.495437 0.030801 0.073009
11 0.521047 0.502738 0.033881 0.062058
11 0.335729 0.582136 0.026694 0.052932
11 0.699692 0.414214 0.031828 0.045631
11 0.372690 0.586699 0.020534 0.051107
11 0.409651 0.583961 0.022587 0.045631
11 0.447639 0.590349 0.034908 0.058407
11 0.481006 0.583961 0.023614 0.045631
11 0.517967 0.590349 0.025667 0.047456
11 0.592916 0.588524 0.021561 0.051107
11 0.555955 0.587611 0.029774 0.041980
11 0.627823 0.586699 0.035934 0.058407
11 0.667864 0.591262 0.033881 0.049281
11 0.703285 0.590349 0.043121 0.069359
11 0.741786 0.587611 0.042094 0.063883