25 0.282062 0.756133 0.051136 0.034632
36 0.499188 0.167388 0.282468 0.103896
10 0.704719 0.221088 0.138567 0.108225
10 0.310181 0.223665 0.149583 0.117502
10 0.592822 0.397856 0.080589 0.220573
10 0.720083 0.519481 0.015074 0.035044
10 0.781830 0.447330 0.041164 0.164914
10 0.219446 0.405071 0.024930 0.226757
10 0.341779 0.465368 0.017973 0.046382
10 0.424687 0.395279 0.036526 0.081427
10 0.373956 0.470006 0.011596 0.039167
10 0.440921 0.279324 0.017973 0.032983
10 0.525858 0.205112 0.017393 0.032983
10 0.519770 0.261286 0.019133 0.021645
10 0.467011 0.238095 0.020292 0.022676
10 0.657129 0.601852 0.015557 0.034873
10 0.361540 0.542929 0.019616 0.044493