25 0.280032 0.759019 0.055195 0.034632
36 0.497971 0.168110 0.280032 0.102453
10 0.195617 0.378788 0.058442 0.298701
10 0.264205 0.126263 0.028409 0.067821
10 0.270698 0.265512 0.025162 0.049062
10 0.331981 0.197691 0.030844 0.051948
10 0.353490 0.270563 0.046266 0.056277
10 0.401380 0.400433 0.116071 0.194805
10 0.284903 0.655844 0.056818 0.102453
10 0.384334 0.577201 0.062500 0.080808
10 0.515828 0.640693 0.067370 0.072150
10 0.463474 0.772006 0.060065 0.069264
10 0.533279 0.770563 0.042208 0.054834
10 0.590097 0.658730 0.058442 0.108225
10 0.791396 0.580087 0.042208 0.129870
10 0.726867 0.670274 0.073864 0.105339
10 0.605114 0.393218 0.077110 0.163059
10 0.526786 0.519481 0.019481 0.049062
10 0.583604 0.498557 0.025974 0.062049
10 0.640828 0.538961 0.047890 0.131313
10 0.575081 0.099567 0.021916 0.025974
10 0.826705 0.500000 0.026786 0.102453
10 0.807630 0.291486 0.087662 0.138528
10 0.667208 0.217893 0.092532 0.072150
10 0.625812 0.281385 0.037338 0.049062
10 0.439123 0.259740 0.040584 0.049062
10 0.415179 0.209235 0.051136 0.057720
10 0.670455 0.043290 0.037338 0.069264
10 0.390828 0.090909 0.020292 0.040404
10 0.633117 0.129149 0.025974 0.059163