25 0.280032 0.758297 0.053571 0.030303
36 0.497971 0.168831 0.280032 0.095238
10 0.295252 0.241703 0.031453 0.048701
10 0.258979 0.262897 0.018770 0.026154
10 0.467735 0.258838 0.015219 0.025253
10 0.523285 0.226371 0.018770 0.036075
10 0.529119 0.577201 0.073052 0.129870
10 0.762226 0.340458 0.048194 0.192100
10 0.378542 0.465040 0.017710 0.030172
10 0.627952 0.491932 0.029516 0.149547
10 0.663740 0.532599 0.022875 0.036731
10 0.742695 0.606717 0.015496 0.038043
10 0.577406 0.490620 0.014020 0.041978
10 0.374852 0.384363 0.022137 0.094451
10 0.346812 0.284009 0.022137 0.053785
10 0.220263 0.421750 0.027302 0.103634
10 0.658574 0.263020 0.011068 0.032795
10 0.426874 0.435524 0.027302 0.055096
10 0.231700 0.568018 0.013282 0.034107
10 0.778483 0.518825 0.011806 0.085268
10 0.563754 0.316148 0.017710 0.055096