25 0.282468 0.754690 0.051948 0.034632
36 0.501623 0.168831 0.287338 0.101010
10 0.196023 0.331890 0.065747 0.251082
10 0.157468 0.511544 0.034091 0.064935
10 0.180601 0.631313 0.030032 0.041847
10 0.122159 0.924964 0.030032 0.040404
10 0.440747 0.954545 0.027597 0.044733
10 0.512987 0.877345 0.017857 0.046176
10 0.419643 0.738095 0.035714 0.053391
10 0.497565 0.621934 0.025974 0.037518
10 0.525974 0.551227 0.019481 0.034632
10 0.691558 0.862915 0.017857 0.043290
10 0.601055 0.883838 0.028409 0.030303
10 0.643263 0.582973 0.026786 0.060606
10 0.609578 0.515873 0.047078 0.053391
10 0.209821 0.534632 0.023539 0.041847
10 0.238231 0.556277 0.018669 0.044733
10 0.306818 0.530303 0.021104 0.047619
10 0.407468 0.440115 0.084416 0.282828
10 0.412338 0.215007 0.029221 0.086580
10 0.529627 0.107504 0.072240 0.038961
10 0.611201 0.094517 0.042208 0.044733
10 0.560471 0.197691 0.085227 0.057720
10 0.712662 0.230880 0.029221 0.043290
10 0.690341 0.093074 0.036526 0.044733
10 0.734984 0.079365 0.023539 0.040404
10 0.788961 0.152958 0.027597 0.043290
10 0.767045 0.211400 0.048701 0.053391
10 0.798295 0.440837 0.080357 0.238095
10 0.730925 0.550505 0.049513 0.088023
10 0.564935 0.328283 0.019481 0.044733
10 0.612419 0.415584 0.056006 0.129870
10 0.329140 0.150072 0.030032 0.054834
10 0.271510 0.082973 0.036526 0.056277
10 0.621347 0.236652 0.021916 0.028860
10 0.677760 0.261183 0.035714 0.037518
10 0.359578 0.220779 0.034091 0.051948
10 0.507305 0.189033 0.017857 0.043290