25 0.281656 0.758297 0.051948 0.036075
36 0.498782 0.170274 0.286526 0.101010
10 0.270563 0.226671 0.032468 0.058923
10 0.680804 0.205628 0.033144 0.048100
10 0.450487 0.243506 0.029762 0.032468
10 0.412270 0.339105 0.022321 0.040885
10 0.415990 0.435907 0.017587 0.037278
10 0.314191 0.539923 0.020969 0.040885
10 0.289164 0.589827 0.018263 0.032468
10 0.217465 0.396224 0.035850 0.068543
10 0.363569 0.487614 0.026380 0.147908
10 0.445752 0.557961 0.016234 0.043290
10 0.546199 0.587422 0.016910 0.037278
10 0.665584 0.595839 0.022998 0.042088
10 0.538758 0.256734 0.018263 0.034873
10 0.779897 0.360750 0.029762 0.072150
10 0.766707 0.262145 0.043966 0.055315
10 0.619927 0.407047 0.023674 0.087783
10 0.578666 0.446729 0.029085 0.090188
10 0.331101 0.287999 0.081845 0.061328
10 0.326366 0.309644 0.000676 0.001203
10 0.635823 0.284993 0.020292 0.031265
10 0.693655 0.268158 0.015557 0.016835
10 0.553977 0.455748 0.016234 0.031265
10 0.570211 0.366162 0.017587 0.027658