21 0.467146 0.240547 0.014000 0.022401
21 0.459679 0.249258 0.014000 0.019912
21 0.470413 0.278296 0.014000 0.026549
21 0.457112 0.299452 0.017267 0.027379
21 0.502380 0.304845 0.018200 0.029867
21 0.499813 0.333053 0.015867 0.024890
21 0.528747 0.315216 0.015867 0.025719
21 0.517547 0.337202 0.014000 0.029867
21 0.564915 0.333053 0.017267 0.028208
21 0.596183 0.341350 0.015400 0.024890
21 0.618116 0.340935 0.016334 0.029038
21 0.598049 0.379514 0.014467 0.024890
21 0.597583 0.402744 0.016334 0.023230