21 0.692167 0.511544 0.016640 0.031746
21 0.664976 0.511544 0.016640 0.027417
21 0.637784 0.597042 0.015828 0.025253
21 0.622768 0.645022 0.017451 0.036075
21 0.566964 0.575036 0.018669 0.031746
21 0.564326 0.619408 0.018263 0.023810
21 0.529830 0.685065 0.016640 0.025253
21 0.483969 0.711039 0.018263 0.028139
21 0.523133 0.719697 0.016234 0.032468
21 0.497362 0.765873 0.016640 0.031025
21 0.481534 0.800144 0.017451 0.024531
21 0.465706 0.824315 0.015828 0.028139
21 0.479955 0.766673 0.013411 0.022586