21 0.372797 0.612245 0.015654 0.028860
21 0.411787 0.513039 0.017103 0.030406
21 0.437732 0.513296 0.016234 0.030921
21 0.414831 0.577201 0.016234 0.026799
21 0.409903 0.663008 0.015654 0.029375
21 0.443965 0.622810 0.019423 0.035560
21 0.484404 0.527726 0.016814 0.030921
21 0.512523 0.527984 0.015074 0.028345
21 0.497739 0.565090 0.015074 0.028345
21 0.556441 0.528499 0.015944 0.029375
21 0.585285 0.527726 0.015654 0.027829
21 0.571660 0.566636 0.015654 0.029375
21 0.629783 0.512781 0.014784 0.027829
21 0.656743 0.513296 0.015944 0.028860
21 0.631378 0.562513 0.015074 0.027314
21 0.657323 0.562255 0.018263 0.032983
21 0.420130 0.727561 0.016883 0.032900