21 0.411464 0.512543 0.016234 0.028305
21 0.437843 0.513653 0.018419 0.028305
21 0.410780 0.562576 0.014698 0.029250
21 0.437983 0.561406 0.019086 0.036270
21 0.484819 0.512071 0.017550 0.030420
21 0.511035 0.512461 0.016892 0.031980
21 0.484929 0.561601 0.016892 0.028080
21 0.511364 0.562381 0.018428 0.034320
21 0.558400 0.511896 0.017066 0.031450
21 0.583791 0.510971 0.019148 0.033300
21 0.558296 0.562216 0.017691 0.031450
21 0.583271 0.560736 0.015609 0.030710
16 0.505276 0.092993 0.105069 0.044893