21 0.453029 0.268252 0.015914 0.026466
21 0.444045 0.281942 0.015400 0.028291
21 0.420431 0.300194 0.016427 0.031942
21 0.474561 0.331204 0.014450 0.025012
21 0.462773 0.334246 0.014450 0.025688
21 0.449464 0.349794 0.017492 0.028393
21 0.521142 0.339654 0.017112 0.028393
21 0.548141 0.341344 0.015591 0.029069
21 0.537683 0.373793 0.018252 0.029069
21 0.519811 0.391031 0.018252 0.027041
21 0.593962 0.341006 0.015971 0.028393
21 0.620199 0.340330 0.016731 0.028393
21 0.619629 0.390693 0.017872 0.029069
21 0.592250 0.390017 0.015591 0.029069