21 0.378367 0.341359 0.016306 0.031136
21 0.402826 0.340822 0.015702 0.027915
21 0.390446 0.375180 0.016306 0.027915
21 0.378971 0.402558 0.016306 0.024694
21 0.400713 0.404169 0.015098 0.030063
21 0.447820 0.353706 0.016306 0.030063
21 0.478319 0.356390 0.016910 0.033284
21 0.462616 0.395579 0.015702 0.030063
21 0.521500 0.354780 0.017514 0.032210
21 0.536599 0.394506 0.017514 0.032210
21 0.551999 0.355317 0.018118 0.028989
21 0.595181 0.343506 0.013891 0.028989
21 0.618734 0.340285 0.013891 0.024694
21 0.608165 0.375716 0.015702 0.031136
21 0.597294 0.405242 0.014495 0.030063
21 0.619942 0.403632 0.017514 0.033284