21 0.414123 0.339683 0.014610 0.028283
21 0.437825 0.340837 0.015260 0.030592
21 0.413149 0.403463 0.016558 0.025397
21 0.436201 0.402020 0.014610 0.024820
21 0.425812 0.372006 0.015909 0.027128
21 0.486688 0.339394 0.015584 0.028860
21 0.508604 0.339683 0.014610 0.027128
21 0.486688 0.403463 0.016234 0.026551
21 0.509903 0.402597 0.018506 0.027128
21 0.499351 0.373160 0.016883 0.028283
21 0.558604 0.334199 0.015909 0.026551
21 0.582305 0.335931 0.014610 0.030014
21 0.559253 0.368831 0.017208 0.027706
21 0.581981 0.372006 0.016558 0.030592
21 0.560227 0.406349 0.015909 0.033478