23 0.354209 0.547482 0.063971 0.150231
23 0.426473 0.548184 0.063181 0.148827
23 0.499131 0.546780 0.064761 0.146019
23 0.571395 0.547482 0.065550 0.150231
23 0.643263 0.546780 0.065550 0.143211
21 0.279945 0.545669 0.017796 0.029204
21 0.354552 0.546277 0.019165 0.027987
21 0.427105 0.544452 0.019165 0.031637
21 0.498973 0.546886 0.020534 0.031637
21 0.572211 0.545060 0.019165 0.032854
21 0.645106 0.546886 0.022587 0.034071
21 0.703285 0.528025 0.018480 0.030421
21 0.730664 0.530459 0.017112 0.032854
21 0.718001 0.571222 0.019165 0.031637