21 0.376253 0.353169 0.014495 0.024694
21 0.404034 0.354780 0.012079 0.027915
21 0.390144 0.394506 0.015702 0.027915
21 0.448122 0.355317 0.014495 0.028989
21 0.476205 0.356390 0.015098 0.028989
21 0.463824 0.395579 0.018118 0.034357
21 0.522104 0.339748 0.016306 0.030063
21 0.548375 0.341359 0.018118 0.028989
21 0.523010 0.390211 0.018118 0.032210
21 0.548677 0.388064 0.017514 0.032210
21 0.596690 0.341896 0.018118 0.025768
21 0.618734 0.342969 0.015098 0.034357
21 0.607863 0.373569 0.015098 0.028989
21 0.597898 0.402021 0.014495 0.025768
21 0.619338 0.403632 0.017514 0.028989