21 0.338488 0.528676 0.013475 0.029660
21 0.367364 0.529247 0.016042 0.030801
21 0.352926 0.572025 0.016684 0.034223
21 0.411640 0.525824 0.019892 0.030801
21 0.426399 0.568033 0.017325 0.030801
21 0.441158 0.526395 0.021176 0.025097
21 0.485113 0.527535 0.019251 0.031942
21 0.513668 0.528676 0.014759 0.029660
21 0.499872 0.566892 0.016684 0.028519
21 0.558907 0.512135 0.019251 0.028519
21 0.559227 0.561758 0.013475 0.025097
21 0.585536 0.563470 0.012192 0.023956
21 0.634946 0.515557 0.017325 0.035364
21 0.583611 0.513276 0.017325 0.030801
22 0.502118 0.177319 0.073794 0.141456