21 0.376454 0.355857 0.017112 0.033463
21 0.404118 0.357378 0.015400 0.030421
21 0.390429 0.394390 0.017682 0.029407
21 0.449749 0.355350 0.019963 0.026364
21 0.476842 0.356364 0.015971 0.028393
21 0.463723 0.394390 0.018252 0.031435
21 0.523044 0.340647 0.018252 0.031435
21 0.523329 0.388306 0.014260 0.027379
21 0.547855 0.342675 0.016541 0.031435
21 0.547855 0.391855 0.019963 0.032449
21 0.593201 0.341661 0.015971 0.031435
21 0.621435 0.341154 0.014260 0.028393
21 0.595483 0.392362 0.013689 0.027379
21 0.620009 0.389320 0.015971 0.033463