21 0.340740 0.512566 0.017248 0.028259
21 0.363907 0.514370 0.016910 0.029461
21 0.352070 0.545334 0.017587 0.028860
21 0.341416 0.577501 0.015219 0.027056
21 0.363061 0.576599 0.015219 0.026455
21 0.413842 0.513327 0.016950 0.027587
21 0.436999 0.512902 0.017905 0.027587
21 0.425659 0.544945 0.016234 0.028011
21 0.413484 0.575079 0.015756 0.028860
21 0.437118 0.577413 0.016234 0.026738
21 0.485091 0.542455 0.014525 0.028480
21 0.511150 0.544353 0.016234 0.029240
21 0.556754 0.529354 0.016875 0.031138
21 0.584736 0.528784 0.016447 0.029240
21 0.570531 0.566378 0.015379 0.029240
21 0.632162 0.513963 0.016711 0.028011
21 0.654722 0.512478 0.017427 0.027587
21 0.631923 0.576140 0.017189 0.030133
21 0.655677 0.574866 0.020292 0.033529
21 0.643860 0.545370 0.017189 0.032255