23 0.355172 0.544647 0.063527 0.148300
21 0.265657 0.531528 0.016684 0.030801
21 0.293891 0.528676 0.017967 0.034223
21 0.279774 0.568603 0.019251 0.034223
21 0.351964 0.545217 0.019892 0.035364
21 0.426720 0.546358 0.020534 0.033082
21 0.497626 0.544077 0.018609 0.030801
21 0.571419 0.546928 0.018609 0.029660
21 0.631738 0.526395 0.021176 0.029660
21 0.658047 0.526395 0.018609 0.027379
21 0.644571 0.569174 0.018609 0.033082
21 0.717723 0.544647 0.017325 0.029660
23 0.428645 0.545788 0.060318 0.146019
23 0.499872 0.544647 0.062885 0.150582
23 0.573024 0.548640 0.064168 0.149441