21 0.318596 0.372390 0.016042 0.027379
21 0.389502 0.374672 0.017967 0.031942
21 0.461691 0.372390 0.017325 0.034223
21 0.535164 0.371250 0.019251 0.036505
21 0.594520 0.370679 0.017325 0.033082
21 0.619225 0.369539 0.017967 0.030801
21 0.668634 0.341019 0.015400 0.028519
21 0.691414 0.338738 0.014759 0.026238
21 0.679543 0.375813 0.015400 0.029660
21 0.668634 0.404332 0.019251 0.031942
21 0.692377 0.404332 0.016684 0.027379
23 0.320200 0.372961 0.060318 0.147159
23 0.391427 0.374102 0.061602 0.144878
23 0.462975 0.374672 0.060960 0.146019
23 0.535164 0.374102 0.061602 0.144878