21 0.411464 0.339105 0.017483 0.028860
21 0.437375 0.337995 0.018107 0.028860
21 0.412556 0.387113 0.018419 0.028305
21 0.438000 0.387390 0.019356 0.033300
21 0.484984 0.340770 0.016546 0.031080
21 0.510115 0.343823 0.018731 0.030525
21 0.497471 0.372683 0.015922 0.030525
21 0.486701 0.401820 0.018107 0.027750
21 0.508710 0.402098 0.018419 0.029415
21 0.557880 0.334110 0.016234 0.029970
21 0.579733 0.332723 0.016858 0.030525
21 0.558504 0.371573 0.017483 0.028305
21 0.580982 0.370740 0.015609 0.028860
21 0.559128 0.406538 0.014985 0.026085
21 0.580045 0.405983 0.015609 0.030525