21 0.580864 0.401635 0.016572 0.028860
21 0.559365 0.401552 0.015954 0.027865
21 0.581897 0.341842 0.016794 0.027865
21 0.560065 0.336617 0.015674 0.019406
21 0.559365 0.356521 0.013715 0.025377
21 0.484494 0.385132 0.016794 0.028860
21 0.477217 0.288849 0.017913 0.027367
21 0.489532 0.328158 0.014554 0.023387
21 0.498209 0.311489 0.012875 0.021894
21 0.464342 0.239339 0.013995 0.025875
21 0.438732 0.289098 0.012035 0.027865
21 0.448808 0.294571 0.012595 0.027865
21 0.460983 0.257999 0.017353 0.029358
21 0.485893 0.345574 0.014554 0.016420