22 0.503080 0.175108 0.080082 0.147844
21 0.338239 0.527733 0.015971 0.026364
21 0.366473 0.529761 0.017682 0.028393
21 0.352498 0.568801 0.015971 0.031435
21 0.411818 0.528240 0.017112 0.029407
21 0.425222 0.566773 0.018823 0.029407
21 0.439197 0.528747 0.015971 0.030421
21 0.483687 0.527733 0.017112 0.028393
21 0.497661 0.568801 0.015400 0.029407
21 0.512206 0.527226 0.015971 0.025350
21 0.558693 0.514551 0.015400 0.028393
21 0.558693 0.563731 0.014260 0.023322
21 0.583790 0.513030 0.016541 0.031435
21 0.584360 0.564238 0.015400 0.032449
21 0.632558 0.513030 0.015971 0.027379
21 0.655658 0.513537 0.014260 0.034477
21 0.643110 0.547000 0.016541 0.030421
21 0.633984 0.577420 0.016541 0.028393
21 0.655088 0.576406 0.018823 0.028393