21 0.375477 0.355432 0.016623 0.032159
21 0.402855 0.356735 0.015645 0.027813
21 0.389655 0.396717 0.015645 0.031290
21 0.448568 0.355432 0.017112 0.026944
21 0.476435 0.356735 0.016134 0.031290
21 0.462257 0.397151 0.017112 0.035636
21 0.522392 0.338483 0.018089 0.026075
21 0.547815 0.341525 0.015156 0.026944
21 0.521903 0.390198 0.017112 0.026944
21 0.547081 0.386287 0.018578 0.033028
21 0.594016 0.340656 0.017600 0.033897
21 0.620417 0.341091 0.013689 0.029551
21 0.594260 0.389763 0.018089 0.027813
21 0.619928 0.389763 0.019556 0.033028