23 0.354302 0.545455 0.062500 0.152958
23 0.426542 0.546176 0.062500 0.151515
23 0.497565 0.544012 0.061688 0.150072
23 0.570617 0.544733 0.063312 0.151515
21 0.268506 0.507359 0.014286 0.030014
21 0.290422 0.508802 0.017208 0.028283
21 0.268019 0.544877 0.015909 0.030014
21 0.290909 0.545455 0.017532 0.030014
21 0.268506 0.580375 0.016234 0.029437
21 0.289935 0.579509 0.015584 0.027706
21 0.643831 0.543723 0.015584 0.031169
21 0.702922 0.543146 0.014935 0.027706
21 0.729545 0.542857 0.014935 0.028283
21 0.353409 0.544300 0.016558 0.030014
21 0.425812 0.544877 0.015909 0.030014
21 0.497890 0.545743 0.017208 0.030592
21 0.571266 0.545455 0.017857 0.031169