21 0.414442 0.508556 0.018480 0.027987
21 0.437029 0.507339 0.015743 0.030421
21 0.414784 0.545669 0.016427 0.034071
21 0.438056 0.544452 0.015058 0.024336
21 0.414442 0.582782 0.017112 0.035288
21 0.438398 0.582174 0.018480 0.031637
21 0.485969 0.514031 0.017796 0.034071
21 0.485969 0.563921 0.015058 0.034071
21 0.510609 0.513423 0.015058 0.030421
21 0.513005 0.563313 0.018480 0.032854
21 0.557837 0.528025 0.020534 0.025553
21 0.585900 0.526808 0.016427 0.027987
21 0.570842 0.566355 0.016427 0.029204