21 0.351849 0.544263 0.016940 0.025723
21 0.414667 0.514148 0.014822 0.031997
21 0.436547 0.511011 0.016234 0.030742
21 0.413785 0.577201 0.015881 0.026350
21 0.436018 0.575632 0.015881 0.026978
21 0.425783 0.544576 0.013763 0.027605
21 0.484719 0.542380 0.015881 0.029487
21 0.511364 0.543949 0.014822 0.026350
21 0.556712 0.528891 0.015881 0.027605
21 0.584592 0.528264 0.013763 0.025096
21 0.571887 0.567790 0.015175 0.025096
21 0.629235 0.529205 0.014822 0.028233
21 0.657644 0.528264 0.015881 0.030115
21 0.644233 0.567790 0.015881 0.032624