21 0.456124 0.642136 0.018488 0.028860
21 0.500767 0.650152 0.017587 0.028860
21 0.466946 0.681417 0.016685 0.033670
21 0.503698 0.694645 0.018939 0.032868
21 0.459506 0.738336 0.019841 0.038480
21 0.519481 0.509861 0.016234 0.033670
21 0.530979 0.564374 0.016685 0.035273
21 0.581259 0.607664 0.019841 0.028860
21 0.579230 0.643739 0.019390 0.027257
21 0.595013 0.508658 0.018488 0.032868
21 0.617560 0.508658 0.017587 0.032868
21 0.594336 0.546336 0.018939 0.032868
21 0.615981 0.544332 0.018939 0.033670
21 0.664683 0.511464 0.017136 0.033670
21 0.692415 0.512266 0.018488 0.033670
21 0.666486 0.559564 0.018939 0.033670
21 0.692190 0.558762 0.020743 0.032067
21 0.464489 0.778860 0.015828 0.025253