17 0.609873 0.614259 0.018447 0.032140
17 0.682556 0.613276 0.019923 0.030172
21 0.303166 0.514430 0.015422 0.027417
21 0.329343 0.513709 0.015016 0.027417
21 0.303166 0.562410 0.014610 0.028139
21 0.327719 0.560967 0.019075 0.032468
21 0.388596 0.546898 0.015828 0.027417
21 0.447849 0.544012 0.016640 0.030303
21 0.474635 0.542929 0.015828 0.029582
21 0.520901 0.543290 0.016640 0.028860
21 0.546875 0.543651 0.016640 0.026696
21 0.593547 0.512987 0.015828 0.025974
21 0.619521 0.512987 0.016640 0.030303
21 0.594359 0.562049 0.015828 0.033189
21 0.619724 0.561688 0.018669 0.033911
21 0.665584 0.511905 0.019481 0.029582
21 0.692979 0.513709 0.019886 0.028860
21 0.666193 0.560606 0.018263 0.034632
21 0.691761 0.562410 0.018263 0.031025