22 0.502567 0.176934 0.079055 0.151494
21 0.353354 0.547507 0.014260 0.025350
21 0.428074 0.548521 0.017682 0.033463
21 0.485398 0.544465 0.013689 0.025350
21 0.512491 0.543958 0.017682 0.032449
21 0.557552 0.513537 0.014260 0.032449
21 0.558122 0.562717 0.015400 0.027379
21 0.584645 0.512523 0.014830 0.032449
21 0.584360 0.562210 0.017682 0.030421
21 0.630846 0.513537 0.015971 0.030421
21 0.656514 0.511002 0.014830 0.029407
21 0.630846 0.561703 0.013689 0.029407
21 0.657940 0.562210 0.015400 0.028393