17 0.681818 0.613276 0.019651 0.035695
21 0.302922 0.527561 0.015584 0.025397
21 0.329951 0.527417 0.015422 0.027417
21 0.315206 0.566138 0.014610 0.028860
21 0.377029 0.512987 0.016504 0.029341
21 0.400839 0.513468 0.016504 0.027417
21 0.389069 0.543290 0.015152 0.029341
21 0.378247 0.575036 0.014610 0.026455
21 0.400298 0.574315 0.014881 0.026936
21 0.450352 0.512506 0.015422 0.029341
21 0.472673 0.513228 0.015693 0.029822
21 0.461851 0.545455 0.015152 0.030784
21 0.450248 0.575503 0.015279 0.026314
21 0.472808 0.575079 0.015040 0.026314
21 0.521629 0.512478 0.016234 0.028436
21 0.547651 0.512902 0.016234 0.028436
21 0.521220 0.561946 0.015538 0.029685
21 0.548006 0.560915 0.019481 0.031746
21 0.594388 0.542775 0.015306 0.027623
21 0.620942 0.544012 0.016466 0.029272
21 0.667440 0.513296 0.016698 0.028035
21 0.692834 0.512884 0.015074 0.027211
21 0.667788 0.560297 0.015538 0.028035
21 0.693878 0.561328 0.019017 0.034220