17 0.682427 0.612915 0.019075 0.035354
21 0.453193 0.645743 0.015557 0.028860
21 0.468750 0.653559 0.015557 0.026455
21 0.521002 0.512942 0.014205 0.023900
21 0.547509 0.512716 0.016487 0.028860
21 0.521383 0.562094 0.014966 0.026605
21 0.538504 0.590729 0.019785 0.033369
21 0.594181 0.542704 0.014966 0.028409
21 0.620561 0.542929 0.015980 0.028860
21 0.667360 0.511815 0.016234 0.027958
21 0.693106 0.512716 0.014966 0.027958
21 0.667233 0.562320 0.014966 0.027056
21 0.693106 0.561869 0.018009 0.035173
21 0.431292 0.704926 0.016234 0.026910
21 0.467269 0.730276 0.017989 0.026910
21 0.463101 0.766546 0.015795 0.029250
21 0.460578 0.813151 0.014698 0.026520
21 0.465185 0.834601 0.016014 0.017160
21 0.445467 0.771436 0.017302 0.039113