21 0.339894 0.512266 0.017587 0.028860
21 0.362723 0.513769 0.017248 0.029461
21 0.352915 0.543531 0.016572 0.028860
21 0.341247 0.575397 0.017587 0.027658
21 0.362892 0.576299 0.020292 0.025854
21 0.484676 0.543749 0.018939 0.033670
21 0.510503 0.542000 0.017956 0.032795
21 0.556990 0.529975 0.012544 0.022738
21 0.435606 0.576107 0.016234 0.031921
21 0.413346 0.575233 0.015988 0.028423
21 0.424784 0.543531 0.016726 0.033233
21 0.436590 0.512703 0.016234 0.029297
21 0.414330 0.513359 0.015988 0.026236
21 0.585484 0.530493 0.009398 0.016708