21 0.559888 0.335968 0.015175 0.028233
21 0.581592 0.335968 0.016940 0.026978
21 0.558830 0.370789 0.015881 0.026350
21 0.581769 0.372043 0.015881 0.028860
21 0.559359 0.407805 0.014822 0.028860
21 0.581945 0.406864 0.016234 0.028233
21 0.485954 0.393375 0.014822 0.027605
21 0.493365 0.339419 0.014822 0.026350
21 0.498835 0.318715 0.015881 0.026350
21 0.479425 0.296756 0.015175 0.026350
21 0.434606 0.293933 0.015881 0.024468
21 0.446076 0.301148 0.014116 0.025096
21 0.458075 0.264132 0.014822 0.027605
21 0.464427 0.237782 0.014822 0.026350