21 0.304552 0.506854 0.015896 0.028860
21 0.327043 0.507456 0.017587 0.026455
21 0.304238 0.543445 0.015364 0.030406
21 0.326560 0.543960 0.017103 0.029375
21 0.304528 0.579262 0.016524 0.030921
21 0.326849 0.579262 0.016524 0.029891
21 0.377145 0.505824 0.016234 0.028345
21 0.399612 0.506081 0.016524 0.027829
21 0.376276 0.543960 0.015654 0.029375
21 0.399322 0.542156 0.016524 0.028860
21 0.376565 0.580035 0.016234 0.029375
21 0.399032 0.578231 0.016524 0.028860
21 0.449762 0.506597 0.015944 0.027829
21 0.472229 0.506854 0.016814 0.028345
21 0.449038 0.542414 0.016234 0.029375
21 0.472084 0.543445 0.017103 0.028345
21 0.449183 0.579004 0.016524 0.027314
21 0.472084 0.579004 0.015944 0.026283
21 0.520640 0.511492 0.017973 0.031437
21 0.547165 0.510204 0.017103 0.032983
21 0.521075 0.561482 0.016524 0.032468
21 0.546875 0.560709 0.019423 0.034014
21 0.594643 0.506782 0.016558 0.028860
21 0.616558 0.507648 0.017532 0.031746
21 0.594643 0.542857 0.016558 0.030592
21 0.617532 0.542857 0.015584 0.029437
21 0.594643 0.578644 0.015909 0.028283
21 0.616721 0.579509 0.015260 0.031169
21 0.664935 0.512266 0.016883 0.032900
21 0.691883 0.513131 0.019481 0.031169
21 0.666396 0.561616 0.019805 0.031169
21 0.691721 0.560462 0.019805 0.033478