26 0.789528 0.651494 0.223819 0.509240
21 0.412839 0.356341 0.017292 0.035544
21 0.427429 0.395728 0.019453 0.033623
21 0.439857 0.357782 0.018372 0.034583
21 0.488220 0.336648 0.017832 0.032662
21 0.488220 0.373633 0.018913 0.029780
21 0.486599 0.408216 0.017832 0.031701
21 0.510105 0.336167 0.020534 0.031701
21 0.509294 0.373633 0.016751 0.031701
21 0.509835 0.409177 0.017832 0.031701
21 0.557927 0.342411 0.017832 0.038426
21 0.558197 0.389964 0.019453 0.033623
21 0.584945 0.391405 0.022155 0.042269
21 0.583595 0.340490 0.019453 0.032662