21 0.443865 0.705172 0.017943 0.029620
21 0.453264 0.776183 0.017088 0.030379
21 0.463730 0.811498 0.015807 0.022025
21 0.465226 0.834662 0.015379 0.018227
21 0.490226 0.669192 0.015896 0.026455
21 0.482955 0.575096 0.016234 0.033069
21 0.555775 0.528551 0.015538 0.030509
21 0.584300 0.528139 0.016002 0.026386
21 0.570269 0.567100 0.016234 0.030921
21 0.631957 0.513090 0.017161 0.030921
21 0.654569 0.512884 0.015074 0.030509
21 0.632653 0.576170 0.015306 0.030921
21 0.655264 0.575551 0.016929 0.030509
21 0.644017 0.545248 0.017625 0.029272