17 0.609472 0.613903 0.019057 0.030742
17 0.682524 0.614217 0.018351 0.033879
21 0.573786 0.562427 0.018166 0.028173
21 0.570114 0.615681 0.017780 0.030234
21 0.632344 0.634577 0.017007 0.033670
21 0.647418 0.590256 0.015461 0.027486
21 0.667130 0.514671 0.017007 0.030234
21 0.691868 0.513640 0.017007 0.030921
21 0.531849 0.695733 0.015461 0.029547
21 0.490105 0.699856 0.016234 0.025424
21 0.517548 0.739366 0.019326 0.035731
21 0.473871 0.796399 0.014688 0.024737
21 0.462856 0.813578 0.015074 0.019240
21 0.465368 0.834192 0.019326 0.017866