23 0.320389 0.376790 0.060998 0.144945
23 0.391654 0.374106 0.060998 0.146019
23 0.464428 0.374643 0.061602 0.144945
23 0.535089 0.374643 0.061602 0.144945
21 0.317067 0.372495 0.014495 0.028989
21 0.388634 0.374106 0.018722 0.027915
21 0.462314 0.371422 0.015098 0.031136
21 0.535391 0.373569 0.016306 0.031136
21 0.593973 0.369811 0.015098 0.025768
21 0.619942 0.370348 0.015098 0.031136
21 0.668861 0.338675 0.015098 0.032210
21 0.691509 0.341359 0.014495 0.028989
21 0.678826 0.374643 0.015702 0.033284
21 0.669163 0.404705 0.016910 0.026842
21 0.690905 0.403095 0.016910 0.025768