21 0.302185 0.512867 0.016572 0.027658
21 0.328734 0.512867 0.016234 0.027658
21 0.302692 0.563071 0.015557 0.030664
21 0.328565 0.562169 0.018601 0.033670
21 0.377435 0.508782 0.015394 0.027367
21 0.400666 0.509280 0.017073 0.027367
21 0.378275 0.544857 0.014834 0.026870
21 0.399966 0.545106 0.016794 0.028362
21 0.377855 0.580186 0.017353 0.026870
21 0.399966 0.580932 0.016234 0.029358
21 0.462103 0.545106 0.015674 0.027367
21 0.520740 0.512514 0.014275 0.025875
21 0.547750 0.512017 0.016794 0.024879
21 0.521300 0.563517 0.015954 0.027367
21 0.547750 0.562273 0.018473 0.032841
21 0.595331 0.508036 0.017353 0.025875
21 0.618143 0.508782 0.018753 0.030353
21 0.595891 0.544111 0.016234 0.028362
21 0.618423 0.544111 0.017633 0.028362
21 0.596871 0.581181 0.017073 0.026870
21 0.618982 0.581181 0.017633 0.026870