21 0.338474 0.528139 0.017857 0.027417
21 0.366680 0.528499 0.014205 0.026696
21 0.352070 0.567100 0.016640 0.028860
21 0.411729 0.513709 0.015016 0.030303
21 0.437906 0.513348 0.016234 0.026696
21 0.411526 0.563131 0.014610 0.032468
21 0.437906 0.562410 0.018669 0.035354
21 0.484578 0.528139 0.017857 0.028860
21 0.511972 0.528860 0.014205 0.027417
21 0.496956 0.565657 0.015016 0.031746
21 0.557468 0.528427 0.018831 0.031746
21 0.584578 0.527273 0.016558 0.029437
21 0.571429 0.566522 0.016883 0.031746
21 0.630357 0.512266 0.013961 0.028283
21 0.656981 0.514286 0.013961 0.021934
21 0.631494 0.565079 0.007792 0.011544