21 0.414528 0.342174 0.014887 0.028291
21 0.437115 0.338980 0.012834 0.032854
21 0.427105 0.372291 0.016427 0.026466
21 0.415554 0.403320 0.014887 0.022815
21 0.438142 0.403776 0.017967 0.029204
21 0.487680 0.341262 0.017454 0.026466
21 0.508984 0.339893 0.013860 0.027379
21 0.498717 0.375029 0.015914 0.031942
21 0.486910 0.402407 0.014887 0.028291
21 0.510267 0.404232 0.015400 0.024641
21 0.560318 0.334417 0.014887 0.025553
21 0.582906 0.334417 0.016940 0.025553
21 0.559548 0.371834 0.015400 0.027379
21 0.582136 0.371378 0.015400 0.028291
21 0.559805 0.407426 0.015914 0.027379
21 0.581109 0.408795 0.016427 0.030116