21 0.411932 0.512867 0.016234 0.027658
21 0.437973 0.513167 0.016234 0.029461
21 0.410748 0.563071 0.015219 0.031866
21 0.438481 0.563071 0.018601 0.034271
21 0.486844 0.506854 0.015219 0.026455
21 0.509165 0.507155 0.016572 0.029461
21 0.486844 0.544733 0.015896 0.028860
21 0.510011 0.544432 0.016234 0.027056
21 0.485829 0.580507 0.016572 0.029461
21 0.508489 0.581109 0.016572 0.031866
21 0.557359 0.513769 0.016234 0.029461
21 0.584077 0.512566 0.016910 0.028259
21 0.557867 0.562169 0.016572 0.034873
21 0.583739 0.561267 0.019616 0.034271