21 0.521141 0.511610 0.014389 0.028860
21 0.595484 0.508002 0.016972 0.028204
21 0.618174 0.508986 0.017341 0.027548
21 0.595484 0.543749 0.016972 0.028860
21 0.619097 0.545061 0.019923 0.027548
21 0.591057 0.590647 0.016234 0.026892
21 0.595669 0.622786 0.017341 0.026892
21 0.505645 0.634265 0.016603 0.030172
21 0.510626 0.680178 0.019923 0.035419
21 0.462662 0.698872 0.019185 0.030828
21 0.463954 0.826446 0.017341 0.032795
21 0.666876 0.544077 0.015865 0.025580
21 0.692333 0.544405 0.018079 0.028860