21 0.413592 0.340745 0.014020 0.026892
21 0.437205 0.342057 0.014758 0.028204
21 0.413777 0.401417 0.015865 0.024925
21 0.436282 0.401745 0.016603 0.026892
21 0.425629 0.370671 0.015726 0.030664
21 0.487393 0.340458 0.016995 0.027958
21 0.510222 0.341585 0.013951 0.028409
21 0.497793 0.372926 0.016487 0.027056
21 0.486379 0.403139 0.015980 0.027056
21 0.509208 0.402011 0.015980 0.028409
21 0.558639 0.339690 0.014698 0.025740
21 0.581564 0.340665 0.015795 0.026910
21 0.559078 0.402285 0.014698 0.026910
21 0.581564 0.402870 0.015356 0.028860
21 0.570485 0.371085 0.018208 0.028470