23 0.571133 0.374197 0.064197 0.150203
23 0.643079 0.373541 0.061983 0.148892
21 0.509246 0.335968 0.016234 0.028233
21 0.480131 0.361064 0.015175 0.026978
21 0.488954 0.332831 0.017292 0.025723
21 0.487542 0.374239 0.014469 0.024468
21 0.503423 0.349457 0.013763 0.027605
21 0.428783 0.308991 0.011999 0.024468
21 0.440253 0.305540 0.013763 0.025096
21 0.437253 0.261622 0.016234 0.030115
21 0.464427 0.250643 0.014116 0.033252
21 0.455781 0.284522 0.013058 0.024468
21 0.570437 0.371172 0.016534 0.030463
21 0.643639 0.371439 0.015633 0.028860