21 0.342017 0.338167 0.015400 0.027379
21 0.367364 0.340449 0.014759 0.029660
21 0.340092 0.387221 0.017967 0.029660
21 0.366401 0.390072 0.017967 0.035364
21 0.413244 0.337597 0.016684 0.028519
21 0.439553 0.342160 0.015400 0.023956
21 0.413244 0.388932 0.016684 0.028519
21 0.438912 0.390072 0.016684 0.026238
21 0.498267 0.371250 0.014759 0.025097
21 0.560190 0.335315 0.014117 0.028519
21 0.559548 0.372961 0.014117 0.030801
21 0.561152 0.408325 0.017325 0.030801
21 0.582007 0.336456 0.014117 0.028519
21 0.581686 0.372390 0.016042 0.025097
21 0.582649 0.407184 0.015400 0.028519
21 0.629492 0.355279 0.017967 0.031942
21 0.657405 0.355279 0.016042 0.027379
21 0.643609 0.394636 0.015400 0.028519