21 0.307335 0.513249 0.018447 0.029516
21 0.345521 0.553916 0.016603 0.025580
21 0.349764 0.620819 0.014020 0.026892
21 0.381125 0.658205 0.017710 0.030828
21 0.414883 0.636888 0.017341 0.032795
21 0.391455 0.718221 0.016234 0.028860
21 0.418019 0.743802 0.016972 0.028860
21 0.386659 0.611308 0.016234 0.031484
21 0.376513 0.542765 0.015865 0.029516
21 0.398834 0.543093 0.014020 0.028860
21 0.400125 0.506362 0.014389 0.028860
21 0.377804 0.507674 0.014758 0.027548
21 0.450303 0.508658 0.015865 0.025580
21 0.472993 0.507674 0.016234 0.028860
21 0.449380 0.543749 0.016234 0.028860
21 0.472439 0.544077 0.014389 0.026892
21 0.448642 0.579496 0.016972 0.028204
21 0.470964 0.579824 0.013651 0.027548
21 0.519665 0.511282 0.016603 0.029516
21 0.546783 0.511610 0.016234 0.028860
21 0.521141 0.561787 0.018079 0.029516
21 0.546045 0.560803 0.018447 0.034107
21 0.594562 0.509314 0.017341 0.032140
21 0.617252 0.507674 0.017710 0.032795
21 0.594746 0.580808 0.015496 0.026892
21 0.616883 0.579824 0.015496 0.031484
21 0.616145 0.541453 0.016972 0.032140
21 0.595484 0.542109 0.016972 0.029516
21 0.665428 0.511156 0.015922 0.031080
21 0.691184 0.510323 0.016234 0.031635
21 0.665897 0.560273 0.017483 0.028305
21 0.691964 0.560828 0.020292 0.034965