21 0.340909 0.511905 0.017045 0.031025
21 0.363231 0.511183 0.017857 0.032468
21 0.351867 0.543651 0.019481 0.032468
21 0.338880 0.576479 0.017857 0.028860
21 0.362013 0.576118 0.017857 0.031025
21 0.413039 0.512266 0.017341 0.028860
21 0.435545 0.510626 0.018816 0.033451
21 0.425030 0.543093 0.015496 0.027548
21 0.413408 0.575233 0.018079 0.031484
21 0.436098 0.574577 0.016972 0.027548
21 0.486091 0.511610 0.015865 0.032795
21 0.509150 0.510626 0.017710 0.030828
21 0.497159 0.543749 0.017341 0.028860
21 0.485722 0.575561 0.016603 0.028204
21 0.509150 0.576217 0.019185 0.029516
21 0.558405 0.504067 0.018079 0.029516
21 0.580911 0.505378 0.015865 0.032140
21 0.558036 0.542437 0.016603 0.028860
21 0.581095 0.543421 0.016972 0.030828
21 0.631826 0.509314 0.014389 0.025580
21 0.652856 0.505706 0.016603 0.028860