21 0.435933 0.654824 0.016514 0.028860
21 0.497789 0.624223 0.017073 0.026372
21 0.443350 0.732448 0.014554 0.027865
21 0.458184 0.764542 0.016794 0.032343
21 0.484476 0.542704 0.015219 0.030213
21 0.557275 0.528499 0.017248 0.029762
21 0.584416 0.527823 0.017756 0.029311
21 0.570465 0.566378 0.015726 0.031566
21 0.631341 0.514069 0.016741 0.028860
21 0.654551 0.513167 0.015980 0.028860
21 0.632483 0.576299 0.015980 0.028860
21 0.654931 0.574044 0.015219 0.028860
21 0.644278 0.544508 0.017248 0.029311
21 0.463113 0.817434 0.014731 0.028326