21 0.481405 0.560182 0.018252 0.032449
21 0.495665 0.611897 0.020534 0.032449
21 0.475702 0.688962 0.019393 0.026364
21 0.450890 0.742705 0.017682 0.030421
21 0.483687 0.730030 0.021675 0.033463
21 0.569815 0.552070 0.017112 0.034477
21 0.633984 0.507453 0.018823 0.032449
21 0.633128 0.545986 0.018252 0.032449
21 0.632558 0.584011 0.018252 0.031435
21 0.654517 0.507453 0.016541 0.028393
21 0.656229 0.544465 0.017682 0.031435
21 0.657655 0.581983 0.018252 0.031435
21 0.704426 0.529254 0.018252 0.033463
21 0.731805 0.526719 0.015971 0.030421
21 0.716975 0.571336 0.018252 0.040561