21 0.375824 0.358262 0.015671 0.029780
21 0.405814 0.357302 0.017292 0.029780
21 0.390684 0.395247 0.017292 0.026898
21 0.447422 0.356341 0.016211 0.027859
21 0.478493 0.356821 0.014590 0.028819
21 0.463093 0.394767 0.016211 0.027859
21 0.521182 0.340490 0.014590 0.030741
21 0.547390 0.341451 0.012969 0.026898
21 0.522263 0.390924 0.014590 0.025938
21 0.547390 0.389483 0.016211 0.030741
21 0.593861 0.341931 0.017292 0.039387
21 0.620610 0.339049 0.015671 0.025938
21 0.594132 0.389964 0.014590 0.025938
21 0.619799 0.389964 0.017292 0.029780