21 0.341968 0.338478 0.016234 0.033252
21 0.364627 0.339105 0.016380 0.033252
21 0.353790 0.371416 0.017292 0.031370
21 0.342850 0.402472 0.015881 0.029487
21 0.364201 0.401217 0.015528 0.029487
21 0.414381 0.334876 0.015394 0.028860
21 0.436772 0.336369 0.017073 0.029855
21 0.414241 0.370951 0.016234 0.030353
21 0.436632 0.371697 0.015114 0.028860
21 0.414661 0.405533 0.015394 0.028860
21 0.436492 0.406777 0.016514 0.030353
21 0.487013 0.335622 0.016234 0.029358
21 0.509404 0.334876 0.016234 0.028860
21 0.487293 0.371200 0.017353 0.030850
21 0.509544 0.371448 0.017633 0.028362
21 0.487433 0.407026 0.016514 0.028860
21 0.509684 0.407524 0.016794 0.028860
23 0.571564 0.372375 0.063582 0.149912
23 0.641685 0.373577 0.063131 0.149110
21 0.570701 0.370702 0.016234 0.030850
21 0.643333 0.369956 0.015954 0.032343