21 0.452719 0.617244 0.017451 0.029582
21 0.468953 0.670996 0.015828 0.031746
21 0.459213 0.741703 0.015828 0.034632
21 0.466112 0.785714 0.018263 0.030303
21 0.462459 0.831890 0.022321 0.034632
21 0.515016 0.589466 0.017045 0.027417
21 0.524756 0.634560 0.018669 0.036797
21 0.520495 0.510462 0.015828 0.029582
21 0.548295 0.511544 0.017045 0.030303
21 0.593953 0.512987 0.017451 0.030303
21 0.620130 0.512987 0.014610 0.027417
21 0.593750 0.563853 0.017045 0.026696
21 0.620942 0.561328 0.019481 0.037518