21 0.383929 0.546898 0.017045 0.030303
21 0.418831 0.599928 0.015422 0.029582
21 0.413961 0.682540 0.016234 0.027417
21 0.439326 0.725830 0.022321 0.034632
21 0.448255 0.511544 0.015016 0.028860
21 0.474229 0.512626 0.017451 0.031025
21 0.448458 0.561688 0.017857 0.031025
21 0.472606 0.592713 0.017451 0.032468
21 0.520495 0.511183 0.017451 0.029582
21 0.547078 0.512626 0.019481 0.029582
21 0.520901 0.561688 0.015828 0.031025
21 0.547687 0.562049 0.019075 0.033189
21 0.593953 0.513348 0.015828 0.032468
21 0.620942 0.512266 0.018669 0.031746
21 0.594156 0.561688 0.016234 0.029582
21 0.621144 0.563131 0.022321 0.035354