21 0.341262 0.512266 0.018351 0.031997
21 0.363848 0.512893 0.017645 0.026978
21 0.350967 0.544890 0.016587 0.031997
21 0.338968 0.576259 0.020116 0.029487
21 0.361731 0.576259 0.019057 0.030742
21 0.413608 0.512893 0.016234 0.030742
21 0.435665 0.511638 0.016587 0.031997
21 0.424725 0.545517 0.016587 0.030742
21 0.412726 0.575946 0.017998 0.030115
21 0.435841 0.574691 0.018351 0.027605
21 0.485778 0.512579 0.016587 0.031370
21 0.508187 0.510697 0.016940 0.030115
21 0.497071 0.544263 0.015881 0.029487
21 0.508717 0.575632 0.016587 0.029487
21 0.485954 0.575946 0.016234 0.031370
21 0.558300 0.506619 0.014822 0.026978
21 0.580887 0.506305 0.015528 0.032624
21 0.558830 0.542380 0.017292 0.026978
21 0.581063 0.543321 0.017998 0.027605
21 0.558477 0.578769 0.014469 0.026978
21 0.581063 0.579083 0.013763 0.025096
21 0.631176 0.505678 0.013058 0.027605
21 0.631529 0.544263 0.015175 0.024468
21 0.631176 0.579396 0.015175 0.033252
21 0.653762 0.506619 0.015881 0.024468
21 0.653056 0.543321 0.017292 0.030115
21 0.653233 0.579710 0.014822 0.028860